Phylum Class Order Family Genus Species OTUs_completeDS OTUs_wholeDS
0.01 0.995605461379179 0.999999025903675 0.995882612017985 0.222315443920338 0.239850500957772 NA 0.998644325134842 0.998644325134842
0.05 0.995605461379179 0.999999025903675 0.995882612017985 0.222315443920338 0.239850500957772 NA 0.994702445440624 0.994702445440624
0.1 0.995605461379179 0.999999025903675 0.995882612017985 0.222315443920338 0.239850500957772 NA 0.989879305971812 0.989879305971812
0.15 0.995605461379179 0.999999025903675 0.974652428799072 0.222315443920338 0.239850500957772 NA 0.984673232685009 0.984673232685009
0.2 0.995605461379179 0.99991883407313 0.974652428799072 0.222315443920338 0.239850500957772 NA 0.98535222267259 0.98535222267259
0.25 0.995605461379179 0.99991883407313 0.926919770580701 0.222315443920338 0.239850500957772 NA 0.972062933626668 0.972062933626668
0.3 0.993486660592127 0.99946213602213 0.926919770580701 0.222315443920338 0.239850500957772 NA 0.978336611230633 0.978336611230633
0.35 0.993486660592127 0.99946213602213 0.375399111488521 0.199525744030478 0.239850500957772 NA 0.977500144460775 0.977500144460775
0.4 0.993486660592127 0.99946213602213 0.375399111488521 0.183332426737399 0.239850500957772 NA 0.974644119621967 0.974644119621967
0.45 0.993486660592127 0.999351069910861 0.327618745070175 0.161900460547489 0.239850500957772 NA 0.973059179602723 0.973059179602723
0.5 0.993486660592127 0.999351069910861 0.24834315667265 0.176939071854739 0.239850500957772 NA 0.96756925168148 0.96756925168148
0.55 0.993486660592127 0.945093477587542 0.247141036081607 0.181814529118671 0.239850500957772 NA 0.966614272044062 0.966614272044062
0.6 0.400109375632183 0.785787867299697 0.233604970382183 0.169267972775785 0.239850500957772 NA 0.96525794056121 0.96525794056121
0.65 0.400109375632183 0.36033270074122 0.210695812270751 0.163445190981573 0.218258681926692 NA 0.961998119104122 0.961998119104122
0.7 0.400109375632183 0.763896412194909 0.182580645873308 0.180514174725439 0.213663091647811 NA 0.951052371388004 0.951052371388004
0.75 0.399068685910891 0.238446006087771 0.198254110353645 0.16489297970397 0.216934743074053 NA 0.939135205515552 0.939135205515552
0.8 0.399068685910891 0.343328697038472 0.17362830472068 0.153976353398274 0.210644840619998 NA 0.922553410127873 0.922553410127873
0.85 0.267512345868048 0.256303671237491 0.471771757376006 0.164137305526175 0.200913717183444 NA 0.901085917916698 0.901085917916698
0.9 0.162343946367644 NA 0.284447828755734 0.0874046566242073 0.180426357658725 NA 0.872825344004132 0.872825344004132
0.95 NA NA 0.188845657228326 0.126650969220702 0.143940004198988 NA 0.81755541004935 0.81755541004935
0.99 NA NA NA NA NA NA NA NA
