Acidobacteria Actinobacteria AD3 ArmatimoUnassigneddetes Bacteroidetes BHI80-139 BRC1 Chlamydiae Chlorobi Chloroflexi Cyanobacteria Elusimicrobia FBP FCPU426 Fibrobacteres Firmicutes GAL15 GemmatimoUnassigneddetes Nitrospirae Planctomycetes Proteobacteria Thermi TM6 TM7 Unassigned Verrucomicrobia WPS-2 WS2 WS3
AL.BN.1 795 904 13 6 87 0 0 0 0 109 5 0 0 0 0 48 0 14 16 363 1748 0 0 0 8 703 25 0 4
AL.BN.2 835 1152 1 9 145 0 1 9 0 224 4 0 0 0 0 111 0 33 14 272 1642 0 2 0 2 374 0 0 14
AL.BN.3 1352 1153 0 3 40 0 0 0 0 171 0 0 0 0 0 58 0 13 65 430 1267 0 0 0 0 361 0 0 8
AL.BN.4 1200 782 0 2 130 0 0 0 0 200 9 0 0 0 4 42 0 30 40 271 1678 0 0 0 3 106 0 0 3
AL.CSP.3 905 500 18 3 66 0 0 6 0 60 21 9 0 0 0 51 0 5 0 595 2044 0 10 0 44 488 19 0 0
AL.CSP.4 961 749 0 0 81 0 0 0 0 20 74 0 0 7 0 50 0 4 0 459 1977 0 10 0 34 395 57 0 0
AL.CSP.5 655 1776 0 2 191 0 0 11 2 0 17 0 0 0 0 86 0 0 0 195 1532 0 4 0 72 85 87 0 0
AL.OM.1 536 990 15 0 69 0 0 0 0 111 0 0 0 2 0 278 0 0 5 678 1846 0 0 0 3 388 25 0 0
AL.OM.2 450 1159 14 0 32 0 0 0 0 67 37 0 0 0 0 113 0 0 0 566 1897 0 7 0 3 455 61 0 0
AL.OM.3 593 1403 17 0 71 0 0 0 0 67 11 0 0 0 0 75 0 0 0 578 1639 0 0 0 4 476 33 0 0
AL.OM.4 597 1042 53 0 30 0 0 0 1 116 0 10 0 0 0 129 0 8 0 520 1789 0 0 0 6 546 31 0 0
AL.OM.5 840 1200 0 0 75 0 0 0 0 80 0 0 0 0 0 118 0 0 17 392 1765 0 0 0 0 424 5 0 0
AL.TIH.1 858 1359 0 0 98 0 0 0 0 167 1 0 0 0 0 74 0 37 78 206 1004 0 0 0 4 386 0 0 3
AL.TIH.2 656 1025 2 21 48 0 0 0 0 89 7 0 0 0 0 30 0 16 6 619 1734 0 2 0 4 673 13 0 0
AL.TIH.3 607 1065 2 5 33 0 0 6 0 50 0 4 0 2 0 31 0 11 11 824 1657 0 14 0 2 559 7 0 0
AL.TIH.4 832 1131 8 0 47 0 0 0 0 126 0 0 0 0 0 56 0 51 0 607 1649 0 0 0 3 381 8 0 0
AL.TIH.5 675 1416 41 11 28 0 0 0 0 15 17 1 0 0 0 7 0 7 0 609 1605 0 14 0 2 331 101 0 0
AL.TN.1 1275 1112 0 26 43 0 0 0 0 419 0 0 0 0 0 16 0 43 45 445 1026 11 0 0 0 0 0 0 8
AL.TN.2 888 1055 0 0 87 0 0 0 0 319 0 0 0 0 2 31 0 38 48 307 1865 0 0 0 0 79 0 0 17
AL.TN.3 806 906 0 11 44 0 0 0 3 283 0 0 0 0 0 71 0 39 52 632 1734 0 0 0 4 69 0 0 8
AL.TN.4 1195 1038 0 32 44 0 0 0 3 465 4 0 0 0 0 37 0 68 29 345 1463 0 0 0 0 53 0 0 9
AL.TN.5 633 1710 17 0 46 0 0 0 0 153 8 0 0 0 6 35 0 76 0 346 1673 0 0 0 4 133 29 0 2
AR.BG.2 644 1110 0 0 125 0 0 0 0 173 0 0 0 0 3 255 0 2 48 195 1181 0 0 0 2 349 0 0 0
AR.BG.3 895 1274 0 5 66 0 0 0 2 244 0 0 0 0 0 245 0 9 48 210 1202 0 1 0 0 410 0 0 18
AR.BG.4 888 1279 0 0 151 0 0 0 3 265 0 0 0 0 0 186 0 28 38 336 1386 0 0 0 0 175 0 0 0
AR.BG.5 830 1229 0 4 136 0 4 0 0 324 0 0 0 0 2 235 0 21 27 235 1317 0 0 0 8 230 0 0 0
AR.FR.1 1360 602 0 0 84 0 3 0 3 131 0 0 0 0 0 62 0 34 116 318 1707 0 5 0 3 129 0 0 8
AR.FR.2 1291 839 0 1 56 0 3 0 0 242 0 0 0 0 0 37 0 20 122 347 1009 0 0 0 0 158 0 0 38
AR.FR.3 1244 867 0 0 35 0 0 0 0 168 0 0 0 0 3 50 0 37 110 227 1548 0 0 0 0 219 0 0 0
AR.FR.4 1366 818 0 2 32 0 0 0 0 217 0 0 0 0 0 32 0 8 141 238 748 0 0 0 0 175 0 0 32
AR.FR.5 1601 552 0 7 34 0 0 0 0 156 0 2 0 0 2 37 0 13 188 196 686 0 0 0 0 240 0 0 32
AR.LL.1 696 1364 12 3 38 0 0 0 0 126 6 0 0 0 0 97 0 5 9 449 1293 0 0 0 5 582 35 0 0
AR.LL.2 712 948 20 0 50 0 0 5 0 99 0 0 0 0 0 209 0 22 48 272 1447 0 0 0 4 1056 3 0 0
AR.LL.3 664 1503 3 0 70 0 0 0 0 55 2 3 0 0 0 126 0 5 0 432 1639 0 3 0 12 314 73 0 0
AR.LL.4 739 1169 0 0 72 0 0 0 0 158 0 0 0 0 0 62 0 11 46 315 1279 0 0 2 0 977 0 0 0
AR.LL.5 822 961 3 0 92 0 0 0 1 202 0 0 0 0 2 132 0 15 58 160 1351 0 0 0 0 511 0 0 0
AZ.IF.2 350 2197 0 59 26 0 0 0 0 358 49 0 7 0 0 84 0 60 5 75 555 0 0 0 20 34 0 0 0
AZ.IF.3 422 2079 0 101 41 0 0 0 0 409 28 0 5 0 0 104 0 106 9 90 539 0 0 0 26 37 0 0 0
AZ.IF.4 166 2503 0 11 78 0 0 0 0 192 8 0 12 0 0 386 0 128 9 11 504 0 0 0 10 23 0 0 0
AZ.PN.5 1134 1763 0 52 54 0 0 0 0 268 0 1 0 0 0 25 0 138 28 275 734 0 0 0 0 179 1 0 3
AZ.SD.4 287 2231 0 42 12 0 0 0 0 510 11 0 0 0 0 39 0 41 6 58 280 2 0 0 51 38 0 0 0
AZ.SM.1 815 1970 0 53 72 0 0 0 0 442 28 0 10 0 0 0 0 89 5 161 504 0 0 0 6 71 0 0 0
AZ.SM.3 587 1888 0 71 103 0 3 0 0 223 0 2 13 0 0 32 0 116 2 192 752 0 0 0 0 42 0 0 0
AZ.TN.5 427 2051 16 69 48 0 0 0 0 375 0 0 1 0 0 136 0 98 11 206 586 0 0 1 8 58 0 0 0
CA.AN.1 594 2452 0 22 41 0 0 0 0 326 15 0 8 0 0 60 0 87 5 416 517 0 0 0 0 74 0 1 0
CA.AN.2 117 3025 3 17 91 0 0 0 1 142 0 0 0 0 0 141 0 41 2 172 951 0 0 0 0 35 0 0 0
CA.AN.5 341 2740 13 15 81 4 0 0 0 191 23 0 6 0 0 67 0 72 4 210 917 0 0 0 0 109 0 0 0
CA.BS.2 993 1514 0 48 63 0 0 0 0 187 0 3 0 0 0 29 0 93 5 617 722 0 0 0 0 451 0 0 0
CA.BS.5 1014 1400 0 15 83 5 4 0 1 381 0 0 0 0 0 52 0 51 9 359 683 0 0 1 0 226 0 0 18
CA.DE.1 32 583 0 0 0 0 0 0 0 45 0 0 0 0 0 387 0 0 0 75 437 0 0 0 0 12 0 0 0
CA.DE.5 654 1769 0 5 93 0 2 0 1 395 0 0 2 0 4 37 0 49 8 286 614 0 0 0 0 50 0 0 0
CA.JT.3 246 2423 0 84 65 0 1 0 0 357 29 0 7 0 0 24 0 133 0 251 790 0 0 0 10 19 0 0 0
CA.LP.2 620 1868 0 28 49 0 1 0 0 411 1 0 0 0 3 118 0 91 5 400 721 0 0 0 0 56 0 0 2
CA.LP.3 581 1748 2 71 39 0 0 0 0 144 0 0 0 0 0 63 0 40 0 488 972 0 0 0 6 225 12 3 0
CA.MO.5 492 1544 9 22 12 0 0 2 0 206 19 0 0 0 1 280 0 13 0 387 732 0 0 0 0 247 14 0 0
CA.MT.3 629 2080 4 13 45 0 0 0 0 223 51 0 0 0 0 37 0 82 10 415 474 0 0 0 1 189 1 0 0
CA.NM.2 822 873 0 0 196 0 0 0 0 50 5 0 0 0 0 61 0 4 30 192 2105 0 0 0 2 389 0 0 0
CA.NM.3 829 1332 0 13 69 0 0 0 0 161 4 1 0 0 0 33 0 14 54 164 1238 0 1 3 0 274 3 0 19
CA.NM.4 1063 1414 0 8 123 4 7 0 2 254 0 2 0 0 3 35 0 22 19 448 1033 0 0 0 1 304 0 0 8
CA.PN.1 340 2270 0 12 185 0 0 0 1 204 85 0 1 0 2 101 0 33 21 225 1013 0 0 0 3 60 0 0 0
CA.SN.2 909 1464 14 33 91 0 0 0 0 135 1 4 0 0 0 44 0 115 13 293 914 0 0 0 3 350 43 0 0
CA.SN.3 966 1443 68 62 50 4 0 0 2 207 0 0 0 0 0 22 0 91 4 296 983 0 0 0 9 342 168 2 0
CA.SNP.5 619 1765 67 42 98 0 0 0 3 138 3 4 0 0 2 15 0 54 8 429 954 0 0 0 3 110 44 0 1
CA.SR.2 327 2167 0 64 101 0 0 0 0 198 0 0 0 0 0 35 0 139 2 310 858 0 0 0 0 37 0 0 0
CA.WM.4 370 2190 0 0 308 0 0 0 2 144 0 0 0 0 0 26 0 277 8 48 1048 0 0 0 11 31 0 0 0
CA.YN.1 400 1514 111 89 32 0 0 0 0 152 18 8 0 0 1 3 0 19 2 476 901 0 0 0 8 123 286 0 0
CA.YNP.2 806 1977 3 0 21 0 0 0 2 243 0 0 0 0 0 250 0 97 26 288 822 0 0 0 0 135 0 0 0
CA.YNP.3 814 1154 12 27 62 0 0 0 0 101 0 5 0 0 0 35 0 28 19 332 1923 0 0 0 3 182 4 0 0
CA.YNP.4 1087 1473 1 15 42 0 0 1 0 154 6 7 0 0 0 56 0 77 29 340 1095 0 0 0 0 239 0 0 0
CO.BL.1 367 1629 0 7 111 0 2 0 1 413 0 0 0 0 0 15 0 18 11 233 798 0 0 0 0 56 0 0 0
CO.BL.2 640 1482 0 15 63 0 0 0 0 437 0 0 0 0 0 40 0 61 7 180 567 0 0 0 0 38 0 0 0
CO.CS.1 342 1505 0 5 188 0 5 0 0 500 1 0 0 0 0 9 0 16 4 415 966 2 0 0 0 143 0 0 0
CO.HM.1 805 1774 0 0 66 0 2 0 0 239 0 0 0 0 3 94 0 80 25 160 805 0 0 0 0 77 0 0 0
CO.HM.2 779 1553 0 9 15 0 0 0 0 435 7 0 0 0 0 36 0 41 30 220 496 0 0 0 3 48 0 0 0
CO.HM.4 71 641 0 5 1705 0 0 0 0 45 0 0 1 0 2 42 0 108 0 10 1586 4 0 0 0 13 0 0 0
CO.HM.5 748 1341 0 7 48 0 0 0 0 500 0 0 5 0 0 46 0 65 17 323 505 0 0 0 0 57 0 0 0
CO.LP.1 581 1533 0 42 31 0 0 0 0 576 0 0 6 0 5 20 0 70 12 246 461 6 0 0 3 6 0 0 0
CO.LP.3 490 1585 0 84 35 0 0 0 0 604 2 0 10 0 1 16 0 68 20 328 411 5 0 0 17 28 0 0 0
CO.LS.1 620 1675 0 3 76 0 2 0 0 609 16 0 6 0 0 31 0 56 10 280 843 0 0 0 0 44 0 0 0
CO.LS.3 296 2151 0 7 159 0 2 0 0 489 0 0 9 0 0 16 0 71 15 101 830 24 0 0 0 81 0 0 0
CO.MV.1 556 1728 0 26 27 0 0 0 0 809 11 0 0 0 0 16 0 46 4 363 452 0 0 0 0 53 0 0 0
CO.MV.3 528 1358 0 17 10 0 0 0 0 746 18 0 0 0 0 13 0 59 2 368 544 2 0 0 0 30 0 3 0
CO.MV.4 65 357 0 0 2996 0 0 0 0 21 2 0 0 0 0 126 0 38 0 8 730 0 0 0 0 0 0 0 0
CO.RNF.2 834 1583 0 4 80 0 4 6 0 363 0 4 0 0 3 78 0 62 0 309 579 0 0 0 0 288 0 6 0
CO.RNF.4 829 1744 0 11 81 0 0 0 0 349 1 0 3 0 0 253 0 71 6 202 500 0 0 4 1 203 0 0 0
CO.SP.5 763 1572 0 1 48 0 1 0 0 358 21 0 0 0 0 50 0 63 10 226 434 1 0 0 0 57 1 0 0
CO.TS.3 717 1480 0 26 66 0 0 0 0 616 0 0 1 0 0 26 0 46 5 267 505 4 0 0 3 39 0 0 0
CT.UF.2 661 715 33 9 56 0 0 0 0 92 4 1 0 0 0 42 0 17 2 924 1597 0 1 0 0 667 74 0 0
CT.UF.4 636 846 159 14 38 0 0 0 0 108 0 6 0 0 0 27 1 3 9 851 1634 0 1 0 1 428 132 0 0
CT.UF.5 749 1151 13 14 29 0 0 0 0 4 0 0 0 6 0 34 0 11 0 478 1896 0 5 6 23 213 91 0 0
DE.WC.1 817 1137 25 8 50 0 0 0 0 204 0 0 0 0 0 115 0 16 59 277 1283 0 0 0 2 392 14 0 22
DE.WC.2 704 1015 9 3 92 0 0 8 0 247 4 2 0 0 1 186 0 17 69 434 1379 0 2 0 5 656 0 0 21
DE.WC.3 737 1474 201 28 43 3 0 0 0 139 2 0 0 0 0 70 0 38 3 307 1373 12 0 0 0 155 147 0 0
DE.WC.4 708 1624 15 20 64 0 2 0 0 451 42 0 0 0 0 57 0 100 32 275 851 5 0 0 0 202 0 1 5
DE.WC.5 665 1203 0 8 32 0 0 2 0 212 3 0 0 0 0 257 0 48 56 224 1170 0 2 0 0 544 0 0 19
FL.BS.3 922 1058 0 0 72 0 0 0 1 107 2 0 0 0 0 115 0 22 119 280 1431 0 0 0 0 374 0 0 5
FL.BS.4 814 1306 0 0 12 0 0 0 0 134 0 0 0 0 0 80 3 5 15 662 1247 0 0 0 0 353 141 0 0
FL.BS.5 749 1069 0 0 94 0 0 0 0 103 0 0 0 0 2 129 0 3 92 280 1545 0 0 0 0 475 11 0 0
FL.ON.2 963 918 0 2 28 0 0 5 0 385 6 0 0 0 0 79 0 73 99 279 770 0 0 0 0 49 0 6 17
FL.ON.5 647 1390 14 4 20 0 0 0 0 49 0 0 0 14 0 118 1 2 1 474 926 0 1 3 11 79 210 0 0
FL.PC.3 825 944 0 0 34 0 0 2 0 147 0 0 0 0 0 46 0 19 222 345 1009 0 0 0 0 402 0 0 16
FL.PI.1 868 740 0 2 34 0 0 5 0 97 0 0 0 0 0 123 17 32 47 365 1617 0 0 0 1 275 54 0 6
FL.PI.2 954 802 0 0 71 0 0 0 3 260 0 0 0 0 2 96 0 6 166 369 1015 0 0 0 2 179 0 0 21
FL.WP.3 855 1211 4 4 65 0 0 19 0 83 0 0 0 0 0 47 0 31 10 254 1692 0 0 0 12 417 20 0 0
FL.WP.4 410 1717 43 0 20 0 0 4 0 139 9 6 0 0 0 35 0 3 0 311 1256 0 11 0 11 225 71 0 0
FL.WP.5 742 1201 0 16 26 0 0 0 0 403 0 0 0 0 0 34 0 140 96 111 466 0 0 0 0 73 0 0 29
GA.CNF.1 784 882 39 0 18 0 0 0 0 58 11 0 0 3 0 43 0 0 0 628 2015 0 0 2 7 372 67 0 0
GA.CNF.2 672 820 23 7 39 0 0 0 0 182 0 0 0 0 0 49 0 11 4 717 2068 0 15 0 2 281 35 0 0
GA.CNF.3 996 1081 0 9 123 0 1 0 0 356 6 0 0 0 3 7 0 42 57 260 1727 1 0 0 0 119 0 0 6
GA.CNF.4 587 1083 28 7 27 0 0 0 0 75 0 11 0 0 0 21 0 4 5 457 2057 0 24 0 12 468 63 0 0
GA.CNF.5 579 791 52 6 66 0 0 0 0 89 0 0 0 0 0 13 0 3 0 599 2116 0 4 0 0 582 14 0 0
GA.RT.1 1153 1013 0 0 37 0 0 0 0 234 0 0 0 0 0 20 0 38 42 644 1173 0 0 0 0 523 0 0 25
GA.RT.2 733 1045 23 4 54 0 0 0 0 125 7 0 0 0 0 29 0 13 13 778 1643 0 22 0 11 401 21 0 0
GA.RT.3 518 1066 7 6 67 0 0 0 0 109 0 5 0 0 0 13 0 4 0 795 1704 0 0 0 0 537 34 0 0
GA.RT.4 755 1261 57 0 8 0 0 0 0 94 15 0 0 0 0 20 0 2 0 578 1518 0 0 0 16 401 54 0 0
GA.RT.5 945 807 0 0 106 0 0 0 0 145 0 0 0 0 0 52 0 33 69 461 1787 0 0 0 0 444 3 0 11
GA.SC.2 1052 816 1 0 17 0 0 0 0 6 12 0 0 0 0 61 0 3 0 313 2247 0 13 0 35 242 49 0 0
GA.SC.3 632 1630 55 10 11 0 2 1 0 13 4 0 0 0 0 17 5 7 4 611 1472 0 0 3 11 331 69 0 0
GA.SC.4 639 1202 5 6 25 0 0 0 0 20 14 0 0 3 0 14 0 12 0 678 1760 0 17 0 15 469 39 0 0
GA.SC.5 553 1172 7 10 30 0 0 0 0 9 20 2 0 0 0 18 0 3 0 544 2089 0 12 5 3 305 53 0 0
GA.SCN.1 625 1044 24 0 54 0 0 3 0 97 0 5 0 0 0 32 0 29 14 649 1832 0 7 0 1 512 13 0 0
GA.SCN.2 1182 811 12 0 23 0 0 0 0 346 0 0 0 0 0 28 0 20 92 593 1468 0 2 0 0 226 0 0 33
GA.SCN.3 825 1138 27 0 48 0 0 0 0 174 0 8 0 0 0 118 0 11 62 552 1451 0 0 0 0 395 0 0 11
GA.SCN.4 1229 1117 8 0 21 0 0 4 0 335 0 0 0 0 0 25 0 35 73 389 982 0 0 0 0 286 0 0 6
GA.SCN.5 583 1011 89 3 9 0 0 0 0 289 2 0 0 0 0 43 0 30 132 529 1344 0 2 0 0 465 25 0 15
IA.BC.1 683 1071 0 3 71 0 4 8 0 231 0 3 0 0 0 138 0 9 70 166 1078 0 0 2 0 499 0 0 23
IA.BC.2 725 1208 0 5 30 0 0 0 1 345 0 0 0 0 0 26 0 15 65 173 526 0 1 0 0 357 0 0 24
IA.BC.3 592 1059 0 2 42 0 0 0 1 160 0 0 0 0 0 197 0 28 77 136 843 0 0 0 0 714 0 0 17
IA.BC.4 1015 1090 0 6 67 0 0 0 3 255 0 0 0 0 4 100 0 30 84 169 1102 0 0 0 0 497 0 0 21
IA.BC.5 812 1155 0 3 65 0 0 6 0 227 7 0 0 0 0 63 0 28 64 161 773 0 0 0 0 253 0 0 10
IA.CB.1 920 1094 0 4 60 0 0 0 0 167 0 0 0 0 0 60 0 38 108 188 901 0 2 0 0 353 0 0 11
IA.CB.2 1015 722 0 0 16 0 0 0 0 89 0 0 0 0 0 99 0 19 156 86 1113 0 0 0 0 1163 0 0 10
IA.CB.3 932 989 0 15 78 0 4 0 0 226 0 4 0 0 0 186 0 50 68 239 1391 0 7 0 0 361 0 0 18
IA.CB.4 953 886 0 10 85 0 4 2 1 224 0 0 0 0 0 85 0 14 60 198 1045 0 0 0 1 266 0 0 14
IA.CB.5 971 935 0 13 71 0 0 0 0 176 0 0 0 0 0 51 0 26 119 133 933 0 0 0 0 407 0 0 16
IA.CS.2 852 1221 0 8 84 0 1 0 0 205 0 0 0 0 1 220 0 20 60 190 999 0 0 0 5 561 0 0 23
IA.CS.3 817 1386 3 6 70 0 5 0 0 195 0 0 0 0 4 135 0 21 61 209 1065 0 2 0 0 647 2 0 4
IA.CS.4 937 1139 0 20 152 0 6 0 2 235 3 0 0 0 0 70 0 51 75 250 1227 0 0 0 0 535 0 0 5
IA.CS.5 1278 1152 0 5 186 0 0 0 2 276 0 0 0 0 0 23 0 67 37 283 1149 0 2 0 1 210 0 0 47
IA.RR.1 1089 1433 0 5 50 0 0 0 0 515 0 0 0 0 0 12 0 20 20 205 580 0 0 0 0 112 0 0 5
IA.RR.2 1241 713 0 0 37 0 0 0 2 285 0 0 0 0 0 50 0 28 137 139 746 0 0 0 0 89 0 0 32
IA.RR.3 995 1476 0 12 30 0 0 0 0 515 0 0 0 0 3 47 0 39 63 177 880 0 0 0 0 30 0 0 14
IA.RR.4 1083 1091 0 17 45 0 0 0 0 278 0 0 2 0 0 134 0 19 75 195 951 0 0 0 0 73 0 0 18
IA.RR.5 1099 1346 0 0 37 0 0 0 0 364 0 4 0 0 0 65 0 42 62 219 621 0 1 0 0 88 0 0 28
ID.BD.4 598 1908 0 22 39 0 0 0 0 571 0 0 6 0 0 41 0 126 11 220 424 0 0 0 6 35 0 6 0
ID.BN.3 1129 1592 18 30 70 0 0 5 0 328 4 1 0 0 0 25 0 96 11 252 981 0 0 0 0 279 0 0 27
ID.BN.5 1354 1441 7 20 77 0 0 0 0 265 0 0 0 0 0 85 0 108 36 165 631 0 0 0 0 558 12 0 0
ID.MN.1 478 1922 0 0 94 0 0 0 1 298 17 0 7 0 0 4 0 81 0 306 423 9 0 0 0 90 0 0 0
ID.MN.2 377 1889 0 8 67 0 6 0 0 504 50 0 9 0 0 16 0 70 6 251 358 11 0 0 5 84 0 3 0
ID.MN.3 330 1771 0 6 42 0 0 0 0 464 145 0 5 0 0 0 0 50 1 298 383 5 0 0 0 71 0 0 0
ID.MN.4 379 2006 0 24 22 0 0 0 2 733 0 0 6 0 0 6 0 122 7 234 554 0 0 0 3 32 0 0 0
ID.MN.5 498 1929 0 13 62 0 0 0 0 377 1 0 1 0 4 30 0 68 2 339 487 0 0 0 5 53 0 0 0
ID.SFP.3 1039 1625 0 2 42 4 0 3 0 237 0 5 0 0 0 209 0 89 5 234 453 0 0 0 1 141 0 0 0
ID.SJ.2 820 1831 0 12 42 0 0 0 0 159 9 0 0 0 0 539 0 41 5 225 845 0 0 0 0 377 0 0 0
ID.SJ.4 802 1552 3 24 62 0 2 0 0 271 0 3 0 0 3 173 0 9 10 342 986 0 1 0 1 658 0 0 17
ID.SJ.5 859 1181 0 1 203 0 0 0 2 67 0 0 0 0 0 201 0 83 0 108 1881 0 0 0 8 274 0 0 0
IL.CL.1 1009 1110 0 2 117 0 4 0 3 241 0 0 0 0 0 93 0 48 48 248 1273 0 0 0 0 451 0 0 49
IL.CL.2 1052 1036 0 2 55 0 0 0 3 307 0 0 0 0 0 137 0 29 119 279 998 0 0 0 4 205 0 0 25
IL.CL.3 685 689 0 0 67 0 0 0 1 87 23 6 0 0 5 404 0 35 37 85 1515 0 0 0 0 1105 0 0 17
IL.CL.4 1412 1380 0 21 91 0 0 0 0 300 9 5 0 0 4 20 0 35 33 331 976 0 0 0 0 196 0 0 48
IL.CL.5 823 762 0 5 58 0 0 0 0 60 11 0 0 0 0 556 0 39 12 85 1539 0 0 0 0 919 1 0 0
IL.KS.1 966 929 0 7 45 0 0 13 1 154 0 0 0 0 0 110 0 27 45 295 1308 0 0 0 0 937 0 0 22
IL.KS.2 956 1106 0 0 60 0 0 0 0 141 0 5 0 0 0 71 0 0 84 231 1182 0 0 0 0 885 0 0 0
IL.KS.3 879 919 0 1 184 0 0 0 0 161 0 0 0 0 0 0 0 12 81 112 2113 0 0 0 2 226 0 0 18
IL.KS.4 1210 835 0 0 101 0 0 0 0 172 0 0 0 0 0 49 0 23 150 262 1385 0 4 0 0 711 0 0 7
IL.KS.5 1332 663 0 4 130 0 0 0 0 328 0 0 0 0 2 26 0 22 107 308 1487 0 0 0 1 128 0 0 62
IL.LW.1 657 1189 0 0 137 0 0 0 7 137 3 0 0 0 0 112 0 40 76 73 1669 0 2 0 0 143 0 0 11
IL.LW.2 1333 878 0 4 83 0 0 0 0 197 0 0 0 0 0 18 0 21 148 291 1170 0 4 0 2 236 0 0 27
IL.LW.3 1033 941 0 0 119 0 0 0 2 153 0 0 0 0 6 27 0 20 118 264 1445 0 0 0 0 344 0 0 16
IL.LW.4 964 832 0 2 70 0 0 10 1 151 0 0 0 0 0 57 0 0 139 305 1306 0 0 0 0 592 0 0 44
IL.LW.5 740 809 0 0 136 0 0 0 5 146 0 5 0 0 6 162 0 25 108 113 1790 0 0 0 0 264 0 0 36
IL.PM.1 1096 1140 0 0 42 0 0 0 0 210 2 0 0 0 0 75 0 19 124 113 903 0 2 0 0 170 0 0 4
IL.PM.2 1289 845 0 3 70 0 0 0 0 261 0 0 0 0 0 42 0 31 83 225 1403 0 0 0 0 126 0 0 22
IL.PM.3 1012 1290 0 3 82 0 0 4 1 200 0 0 0 0 0 111 0 29 49 207 1366 0 0 3 0 130 0 0 19
IL.PM.4 827 960 0 0 43 0 0 0 2 192 0 1 0 0 0 146 0 27 71 140 969 0 0 4 0 113 0 0 9
IL.PM.5 667 982 0 0 102 0 0 0 0 91 0 6 1 0 0 162 0 37 89 128 1830 0 0 0 0 135 0 0 1
IN.EC.1 1026 711 0 0 59 0 0 0 2 131 0 0 0 0 0 107 0 17 112 155 1387 0 0 0 0 602 0 0 22
IN.EC.2 959 776 0 0 43 0 0 0 0 109 0 0 0 0 0 132 0 24 111 205 1380 0 2 0 0 866 0 0 23
IN.EC.3 900 912 0 1 88 0 0 4 0 103 0 0 0 0 4 161 0 0 70 225 1506 0 0 0 0 803 0 0 31
IN.EC.5 688 909 0 10 47 1 0 0 0 165 5 2 0 0 0 209 0 24 20 337 1600 0 0 0 4 886 0 0 22
IN.RH.1 1011 965 9 0 62 0 2 0 0 145 0 3 0 0 0 33 0 26 70 251 1374 0 0 2 0 790 0 0 3
IN.RH.2 1160 810 0 0 58 0 0 0 0 229 0 0 0 0 0 31 0 28 138 254 1301 0 0 0 0 121 0 0 32
IN.RH.3 1006 876 21 0 40 0 0 0 0 205 0 2 0 0 0 113 0 16 52 296 1437 0 0 0 0 707 0 0 22
IN.RH.4 882 1148 0 7 64 0 1 0 0 129 0 5 0 0 0 56 0 10 9 406 1567 0 0 2 0 636 5 0 3
IN.RH.5 859 769 0 16 105 0 4 0 0 246 6 0 0 0 1 72 0 23 85 215 1190 0 0 0 3 388 0 0 23
IN.SS.1 834 958 0 0 66 0 0 0 0 89 4 4 0 0 0 75 0 15 63 172 1437 0 0 0 0 960 0 0 9
IN.SS.2 859 842 0 0 113 0 0 0 0 152 0 0 0 0 0 87 0 22 82 303 1670 0 0 0 0 820 0 0 11
IN.SS.3 807 1011 0 0 114 0 0 9 0 173 0 0 0 0 0 86 0 8 98 181 1457 0 0 0 0 716 0 0 31
IN.SS.4 968 788 0 5 140 0 0 0 4 212 2 5 0 0 5 106 0 22 131 273 1538 0 0 0 0 543 0 0 43
IN.SS.5 877 949 3 0 91 0 0 9 0 113 0 0 0 0 6 62 0 8 52 251 1734 0 0 0 0 754 8 0 21
IN.TR.1 946 615 13 0 56 0 0 0 0 126 0 0 0 0 0 295 0 28 97 381 1918 0 9 0 0 332 0 0 4
IN.TR.2 1259 869 31 0 41 0 0 28 0 89 0 16 0 0 0 84 0 0 0 376 1734 0 11 0 65 157 37 0 0
IN.TR.3 990 1099 0 0 96 0 0 0 7 307 0 0 0 0 0 50 0 17 120 315 1392 0 1 0 0 200 0 0 10
IN.TR.4 714 1024 7 12 56 0 0 7 0 149 0 5 0 0 0 68 0 14 10 394 2076 0 7 0 4 392 4 0 0
IN.TR.5 674 1344 6 9 115 0 0 12 0 176 0 7 0 0 0 295 0 47 58 241 1448 0 0 0 0 283 0 0 2
IN.WM.1 1096 732 0 0 123 0 0 0 3 199 0 0 0 0 1 44 0 26 115 304 1418 0 0 0 0 181 0 0 36
IN.WM.2 858 839 9 8 62 1 0 3 0 122 0 2 0 0 0 63 0 57 60 462 1530 0 0 0 0 802 0 0 11
IN.WM.3 1038 1019 0 6 141 0 0 0 1 353 0 6 0 0 9 57 0 22 85 286 1420 0 0 0 4 121 0 0 23
IN.WM.4 602 811 0 0 101 0 0 0 1 67 0 0 0 0 3 113 0 48 29 161 1686 0 0 0 1 1196 0 0 3
IN.WM.5 812 616 0 2 113 0 0 0 4 168 0 0 0 0 0 93 0 25 124 278 1414 0 0 0 3 669 0 0 10
KS.MS.2 937 1018 0 0 66 0 0 0 0 237 0 0 0 0 0 52 0 41 62 301 1245 0 0 0 1 155 0 2 11
KS.MS.5 712 1191 0 0 142 0 0 0 0 52 1 0 0 0 0 391 0 70 25 13 1251 0 0 2 2 766 0 0 0
KY.RR.1 496 698 0 2 136 3 1 0 0 150 0 0 0 0 3 98 0 32 37 655 1907 0 0 0 0 734 0 0 0
KY.RR.2 449 823 4 7 125 0 0 4 0 66 0 3 0 0 2 36 0 10 8 556 2371 0 0 1 6 365 6 0 0
KY.RR.3 552 643 4 1 101 0 0 0 0 68 4 6 0 0 0 27 0 5 0 907 1810 0 2 4 4 772 21 0 0
KY.RR.4 519 908 10 1 87 0 0 0 0 32 3 1 0 0 0 21 0 0 0 824 1875 0 7 2 23 512 36 0 0
KY.RR.5 495 791 4 1 146 0 0 0 0 48 2 3 0 0 0 29 0 12 0 745 2237 0 0 0 7 408 12 0 0
LA.AN.1 1141 368 0 0 30 0 0 0 1 36 0 0 0 0 0 30 0 37 294 211 1104 0 0 0 0 87 0 0 11
LA.AN.2 1021 692 0 2 38 0 0 0 2 176 0 0 0 0 0 102 0 32 202 213 1264 0 5 0 2 117 0 0 32
LA.AN.3 949 618 3 0 35 0 0 0 2 150 0 0 0 0 0 129 0 29 284 182 1085 0 4 0 0 184 0 0 9
LA.AN.4 1111 504 0 0 32 0 0 0 4 165 0 0 0 0 0 204 0 32 223 214 1156 0 3 0 4 101 0 0 50
LA.AN.5 1005 634 0 3 31 0 0 0 2 155 0 0 0 0 0 224 0 33 285 152 1060 0 3 1 0 104 0 0 44
LA.HN.1 1081 469 0 0 35 0 0 0 0 7 4 0 0 0 0 19 0 0 0 232 2507 0 0 0 5 533 20 0 0
LA.HN.2 732 627 13 7 48 0 0 0 0 67 2 0 0 0 0 94 0 0 19 374 1732 0 4 0 3 1064 24 0 0
LA.HN.3 994 1408 0 5 71 0 0 0 0 63 56 0 0 0 0 141 0 0 0 96 1175 0 0 0 30 433 72 0 0
LA.HN.4 702 866 17 0 35 0 0 0 0 32 0 4 0 0 0 55 0 10 0 381 1841 0 5 0 10 843 53 0 0
LA.HN.5 897 647 14 11 36 0 0 2 0 134 1 3 0 0 0 31 2 4 11 576 1877 0 1 0 0 635 43 0 0
LA.JW.1 1013 789 0 0 70 0 0 0 0 156 0 0 0 0 0 71 0 8 121 271 1349 0 0 0 0 106 0 0 13
LA.LO.1 1081 723 0 8 55 0 0 0 2 119 0 0 0 0 0 112 0 31 165 201 1289 0 1 0 0 153 0 0 17
LA.LO.2 865 1069 0 4 61 0 0 0 1 199 21 0 0 0 0 107 0 11 111 187 906 0 3 0 0 205 0 0 17
LA.LO.3 531 1110 0 9 38 0 2 0 0 265 0 0 0 0 0 836 0 173 31 154 704 0 0 0 0 85 0 0 0
LA.LO.4 547 1226 0 6 134 0 0 0 0 123 65 0 0 0 0 430 0 166 58 34 1270 0 0 0 0 208 0 0 3
LA.LO.5 663 1237 5 4 73 0 0 0 0 132 6 0 0 0 0 378 0 192 67 96 1151 0 0 0 0 217 0 0 0
LA.TH.1 881 1226 50 5 40 0 0 9 0 166 0 3 0 0 0 139 5 18 43 442 1224 0 0 0 0 507 40 0 3
LA.TH.2 1457 843 0 7 60 0 0 0 0 352 0 4 0 0 1 19 0 29 113 465 949 0 0 0 0 80 0 0 0
LA.TH.4 920 1094 45 2 23 0 0 0 0 207 0 0 0 0 0 40 0 8 21 574 1354 0 0 0 0 560 33 0 5
LA.TH.5 1103 906 20 0 45 0 0 0 0 172 0 0 0 0 0 47 0 8 61 624 1334 0 0 0 0 539 12 4 0
MA.BW.1 647 1275 19 0 39 0 0 10 0 313 0 0 0 0 0 36 3 16 0 605 1099 0 2 0 14 276 55 0 0
MA.BW.2 422 2011 96 36 49 0 0 0 4 283 7 0 0 0 0 62 0 44 4 296 795 0 0 0 6 371 26 0 0
MA.BW.3 1324 757 0 0 9 0 0 0 0 0 4 0 0 2 0 13 0 5 0 385 1892 0 0 0 39 221 17 0 0
MA.BW.4 1535 618 0 2 2 0 0 0 0 5 0 0 0 0 0 26 0 0 0 167 2345 0 6 0 85 85 25 0 0
MD.AEC.1 1082 1576 14 8 78 0 0 0 0 1 3 11 0 0 0 31 0 2 0 186 1601 0 0 0 158 71 70 0 0
MD.AEC.4 481 1356 0 4 355 0 0 0 0 78 47 0 0 0 0 22 0 0 3 25 2049 0 0 0 0 116 0 0 0
MD.AEC.5 1547 728 0 0 0 0 0 10 0 8 10 0 0 2 0 45 0 4 0 268 2006 0 12 0 65 81 27 0 0
MD.AEC.6 858 1148 14 8 41 0 0 0 0 302 2 1 0 0 0 20 0 27 10 616 1155 0 0 0 1 506 22 0 23
MD.AEC.7 617 894 24 6 31 0 0 0 0 271 0 6 0 0 0 47 0 34 12 797 1646 0 0 0 0 465 11 0 2
MD.SERC.1 592 976 0 5 23 0 0 0 0 129 6 1 0 0 0 103 0 11 0 957 1585 0 11 0 8 444 72 0 0
MD.SERC.2 696 996 23 9 106 0 0 0 0 331 0 0 0 0 3 246 0 29 39 501 1364 0 2 0 0 486 25 0 24
MD.SERC.3 577 960 5 0 43 0 0 0 0 350 0 0 0 0 0 62 1 27 10 728 1445 0 0 0 0 547 24 0 33
MD.SERC.4 662 893 2 0 26 0 0 0 3 116 0 0 0 2 0 27 0 14 0 1122 1611 0 7 0 1 349 50 0 5
MD.SERC.5 598 1548 1 0 1 0 0 0 0 3 4 0 0 0 0 273 0 3 0 903 1140 0 0 0 14 122 234 0 0
ME.BC.2 386 1295 15 25 37 0 0 0 0 350 17 0 0 0 0 10 0 13 1 726 1421 0 0 0 4 514 32 0 0
ME.CB.1 940 1158 29 0 17 0 0 0 0 0 0 0 0 0 0 14 4 1 0 558 1934 0 0 0 10 76 133 0 0
ME.CB.2 822 895 116 0 30 0 0 0 0 46 8 3 0 0 0 9 0 0 0 563 1891 0 11 0 0 246 135 0 0
ME.CB.3 1528 926 6 0 20 0 0 0 0 0 0 0 0 2 0 27 0 0 0 255 1877 0 0 0 10 117 97 0 0
ME.CB.5 1471 1239 44 0 52 0 0 0 0 102 0 0 0 0 0 47 0 13 0 196 1401 0 0 0 65 138 116 0 0
ME.PF.1 1143 724 26 4 170 0 0 0 3 21 0 5 0 0 0 19 0 0 0 245 2315 0 0 0 55 102 32 0 0
ME.PF.2 967 772 0 0 235 0 0 5 0 31 0 0 0 0 0 27 0 6 0 348 2100 0 5 0 8 322 22 0 19
ME.SM.1 1422 433 44 0 63 0 0 0 0 30 0 7 0 0 0 29 0 12 0 257 2300 0 0 0 0 301 18 0 0
ME.SM.2 1727 651 38 7 46 0 0 22 0 42 0 0 0 0 0 42 0 0 0 241 1849 0 0 0 13 69 65 0 0
ME.SM.5 1386 537 3 0 70 0 0 0 0 43 8 7 0 0 0 48 0 0 0 365 2149 0 0 2 14 295 18 0 0
ME.WN.2 1382 486 22 0 32 0 0 0 0 17 1 0 0 0 0 45 0 4 0 431 2192 0 3 0 11 244 36 0 0
ME.WN.5 1850 437 39 0 41 0 0 0 0 90 0 6 0 0 0 40 0 10 0 241 1872 0 0 0 6 231 43 0 0
MI.CN.1 850 664 4 3 433 0 0 0 0 32 6 8 0 0 0 49 0 14 0 349 2172 0 0 0 5 224 38 0 0
MI.CN.5 743 776 5 3 53 0 0 0 0 46 0 0 0 0 0 13 3 30 6 921 1846 0 0 0 2 335 61 0 0
MI.HN.2 1311 685 6 4 47 0 0 0 0 4 0 0 0 0 0 42 0 9 0 468 2016 0 0 0 25 225 54 0 0
MI.HN.4 972 588 9 0 181 0 0 4 0 17 3 15 0 0 0 66 0 7 0 537 1906 0 0 0 18 470 38 0 0
MI.HN.5 689 684 0 0 102 0 0 0 0 7 0 11 0 0 0 69 0 3 3 590 2145 0 0 0 0 563 28 0 0
MI.MS.1 911 1212 0 0 78 0 0 0 0 293 0 0 0 0 0 39 0 11 55 418 1065 0 0 5 0 734 0 0 9
MI.MS.2 1015 1078 0 3 86 0 0 0 1 355 0 0 0 0 2 89 0 0 64 416 1209 0 0 0 1 504 0 0 13
MI.MS.3 702 1332 0 3 58 0 0 0 0 290 0 0 0 0 4 25 0 12 45 446 976 0 0 0 2 1007 0 0 10
MI.MS.4 634 1460 0 9 87 0 6 5 0 274 0 1 0 0 1 73 0 16 6 578 1022 0 0 0 0 668 0 0 19
MI.MS.5 768 1258 0 6 78 0 1 0 0 283 0 0 0 0 0 55 0 25 61 322 969 0 0 0 0 657 0 0 9
MI.MSP.4 305 1233 0 14 650 0 0 0 0 16 0 0 0 0 0 51 0 45 0 60 2238 0 0 0 6 76 0 0 0
MI.PR.1 610 822 0 0 155 0 0 0 0 57 0 0 0 0 0 13 0 11 17 163 2275 0 0 0 1 757 3 0 0
MI.PR.2 794 1506 0 0 167 0 0 0 0 376 1 0 0 0 4 0 0 45 34 382 1199 0 0 2 0 281 0 0 0
MI.PR.3 996 697 0 0 166 0 0 7 0 15 0 0 0 0 0 19 0 30 0 423 1980 0 0 0 0 481 38 0 0
MI.PR.4 515 788 0 0 240 0 0 3 0 80 0 0 0 0 0 21 0 63 0 266 2190 0 0 0 0 704 0 0 6
MI.PR.5 734 1206 4 5 325 0 0 0 0 0 0 0 0 0 0 17 0 0 0 393 2007 0 0 0 54 91 78 0 0
MN.BE.1 913 1024 0 6 34 0 0 0 2 442 0 0 0 0 0 14 0 35 98 274 729 0 0 0 0 134 0 0 17
MN.BE.2 990 1288 0 0 72 0 0 4 4 352 0 0 0 0 0 31 0 22 48 411 902 0 0 0 0 97 0 2 0
MN.BE.3 527 954 0 0 293 0 0 0 0 65 0 0 0 0 3 33 0 17 33 194 2463 0 0 0 1 57 0 0 0
MN.BE.4 876 1264 0 0 144 0 0 0 0 471 6 0 0 0 0 83 0 21 30 391 1030 0 2 0 3 170 0 0 0
MN.BR.1 860 1530 0 0 78 0 0 0 3 376 0 0 0 0 0 98 0 12 31 206 779 0 0 3 1 454 0 0 0
MN.BR.2 932 1613 0 12 50 0 0 0 0 307 10 0 0 0 0 72 0 79 42 155 511 0 0 0 0 288 0 4 0
MN.BR.3 866 1530 0 2 14 0 0 0 2 314 0 0 0 0 0 55 0 74 80 131 732 0 0 0 0 286 0 0 0
MN.BR.4 707 1889 0 3 126 0 0 0 0 297 1 0 0 0 0 182 0 42 28 232 932 0 0 0 3 193 0 3 0
MN.BR.5 662 1667 0 0 37 0 0 0 0 366 0 0 0 0 0 94 0 0 53 257 537 0 0 0 0 101 0 0 0
MN.CF.1 1019 1319 0 3 100 0 0 0 0 442 4 0 0 0 0 36 0 27 41 320 825 0 0 2 0 171 0 2 15
MN.CF.2 848 1195 0 6 48 0 0 0 0 519 0 0 0 0 0 87 0 0 30 211 530 0 0 0 0 132 0 0 0
MN.CF.3 646 916 0 0 261 0 0 0 6 134 0 0 0 0 0 101 0 19 73 147 1358 0 1 3 0 234 0 0 20
MN.FD.2 828 661 0 0 295 0 0 0 0 32 0 17 0 0 0 69 0 42 13 178 2139 0 4 3 0 578 0 0 0
MN.FL.4 704 1509 0 0 46 0 0 0 0 339 0 0 0 0 0 9 0 0 58 203 487 0 0 0 1 299 0 0 0
MN.LH.1 742 1012 0 14 94 0 0 0 0 197 0 5 0 0 5 314 0 0 63 431 998 0 1 0 0 1026 0 0 13
MN.LH.2 701 1197 0 4 80 0 0 8 0 226 0 0 0 0 0 209 0 20 1 594 1222 0 0 0 0 634 15 0 0
MN.LH.3 887 927 9 7 72 0 0 2 0 256 0 0 0 0 0 71 0 12 82 594 1371 0 0 0 2 466 0 0 4
MN.LH.4 734 1044 0 14 102 0 0 0 0 128 1 0 0 0 5 48 0 16 39 714 1179 0 5 0 0 914 0 0 5
MN.LH.5 616 604 0 0 195 0 0 0 0 66 0 6 0 0 5 173 0 6 29 202 1981 0 3 0 0 1034 0 0 0
MN.LR.1 496 934 0 0 135 0 0 0 1 97 0 0 0 0 0 191 0 10 63 64 1276 0 0 0 0 397 0 0 13
MN.LR.2 758 1213 0 23 44 0 4 0 3 364 1 0 0 0 0 29 0 27 80 293 520 0 0 0 3 399 0 0 35
MN.LR.4 529 721 0 0 159 0 0 0 0 54 0 0 0 0 0 112 0 25 38 90 1312 0 1 0 0 824 0 0 4
MN.LR.5 896 1209 0 9 58 0 0 0 0 333 0 0 0 0 0 20 0 15 79 337 718 0 2 0 0 410 0 0 30
MN.MH.1 407 1083 0 0 263 0 0 0 0 51 3 0 0 0 7 193 0 24 11 60 1468 0 0 0 1 1004 0 0 0
MN.MH.2 402 589 0 0 133 0 0 0 0 23 1 0 0 0 6 94 0 16 10 133 1614 0 0 0 0 1896 0 0 9
MN.MH.3 953 1193 0 9 85 0 0 0 2 385 0 0 0 0 0 35 0 11 82 437 1029 0 0 0 9 417 0 0 55
MN.MH.4 1019 1123 0 0 153 0 4 0 0 279 0 0 0 0 7 31 0 11 56 332 920 0 2 0 3 796 0 0 15
MN.MH.5 885 1324 0 6 35 0 0 0 0 448 4 0 0 0 0 98 0 8 51 240 707 0 0 0 3 408 0 0 17
MN.MS.1 792 1411 0 6 93 0 4 0 2 343 0 0 0 0 0 41 0 18 40 238 830 0 0 0 3 607 0 0 18
MN.MS.2 594 856 0 0 319 0 0 7 1 74 2 7 0 0 4 93 0 5 14 121 1892 0 0 0 0 931 0 0 7
MN.MS.3 735 1607 0 0 81 0 0 0 0 366 0 0 0 0 0 57 0 23 40 208 854 0 0 0 1 582 0 0 10
MN.MS.4 967 1314 0 0 122 0 0 0 4 355 0 0 0 0 7 50 0 4 43 224 995 0 0 1 0 797 0 0 0
MN.MS.5 832 1318 0 1 77 0 0 0 0 392 0 3 0 0 0 204 0 16 31 314 906 0 0 0 4 784 0 0 6
MN.RR.1 714 553 0 0 201 0 0 0 0 35 0 0 0 0 5 141 0 18 0 401 2089 0 0 3 5 706 3 0 7
MN.RR.2 901 929 0 9 51 0 0 0 0 219 0 0 0 0 0 21 0 11 4 566 1250 0 1 0 0 951 0 0 1
MN.RR.3 939 941 0 11 45 0 0 0 0 392 0 0 0 0 0 14 0 52 25 547 1194 0 1 0 0 409 10 0 15
MN.SD.2 742 787 0 0 123 0 0 0 0 75 0 0 0 0 0 147 0 66 40 103 1987 0 1 2 0 726 0 0 11
MN.SD.5 855 1254 93 28 8 0 0 0 3 347 10 9 0 0 0 189 0 47 56 310 836 0 0 0 0 405 10 0 9
MN.WS.3 596 511 0 1 176 0 0 0 0 40 0 0 0 0 0 242 0 10 0 290 1929 0 4 2 0 1105 0 0 0
MO.CSP.1 725 535 0 0 335 0 0 0 8 155 0 0 0 0 0 177 0 51 69 87 2145 0 0 0 0 234 0 0 24
MO.CSP.3 1352 679 0 0 95 0 0 0 0 352 3 0 0 0 0 9 0 18 104 487 1313 0 0 0 2 161 0 0 28
MO.CSP.4 729 1117 0 0 193 0 0 0 0 284 3 0 0 0 5 41 0 9 42 243 1702 0 0 0 0 171 0 0 0
MO.CSP.5 282 2133 0 0 194 0 0 9 0 52 0 0 0 0 0 105 0 18 40 35 1909 0 0 0 0 46 0 0 0
MT.BC.1 416 1761 0 0 69 0 3 0 0 72 0 0 4 0 0 587 0 118 17 12 686 0 0 0 0 85 0 0 0
MT.CG.1 540 1667 0 0 153 0 0 0 0 151 5 0 6 0 0 200 0 174 20 58 1131 0 0 0 1 54 0 0 0
MT.CG.3 805 1443 0 27 54 0 0 0 0 614 17 0 0 0 0 25 0 102 16 360 528 0 0 0 0 47 0 0 0
MT.CG.4 484 1682 0 0 129 0 0 0 0 180 0 0 12 0 0 315 0 194 15 79 1422 0 0 0 0 52 0 0 0
MT.CG.5 457 1851 0 5 58 0 0 0 0 141 10 0 0 0 0 173 0 201 36 70 904 0 0 0 4 38 0 0 0
MT.GNF.1 580 2041 0 0 55 0 3 0 0 131 3 0 0 0 5 289 0 166 24 70 1337 0 0 0 0 83 0 0 0
MT.GNF.2 644 1325 0 0 304 0 0 17 0 94 0 0 0 0 0 57 0 56 8 101 2048 0 0 0 0 200 0 0 0
MT.GNF.4 431 1785 0 0 103 0 0 0 0 132 0 0 0 0 0 381 0 171 13 66 1629 0 0 0 10 140 0 0 4
MT.LCN.1 656 1220 0 11 128 2 0 0 0 88 5 0 6 0 0 707 0 189 0 86 1291 0 0 0 0 450 0 0 0
MT.LCN.2 608 1616 0 0 257 0 0 9 0 137 2 6 2 0 0 76 0 142 0 65 1746 0 0 0 22 138 0 0 0
MT.LCN.4 652 1066 0 0 146 0 0 0 0 114 0 0 0 0 2 173 0 144 6 84 1973 0 4 0 12 431 0 0 14
MT.LTR.1 803 1413 0 8 260 0 0 0 0 180 25 0 0 0 0 168 0 214 47 30 1021 0 0 0 3 94 0 0 0
MT.LTR.2 1073 1374 5 10 76 0 0 0 0 363 0 0 0 0 0 197 0 87 22 316 614 0 0 0 0 123 0 0 0
MT.LTR.4 699 1307 0 0 232 0 0 8 0 125 5 11 8 0 1 253 0 173 37 35 835 0 0 0 0 191 0 0 0
MT.LTR.5 614 1420 0 0 186 0 0 0 0 106 27 0 9 0 0 78 0 157 26 37 1370 0 0 0 1 32 0 0 0
MT.PC.1 687 1754 0 12 44 0 0 0 0 523 12 0 0 0 0 40 0 143 23 251 517 0 0 0 17 41 0 0 0
MT.PC.3 756 1470 0 8 111 0 8 0 0 496 1 0 0 0 0 19 0 36 5 525 799 0 0 0 0 92 0 0 0
MT.PC.4 721 1542 0 35 64 0 0 0 0 485 12 0 0 0 0 33 0 103 31 273 578 0 0 0 0 44 0 0 0
MT.TP.2 730 1280 0 28 176 5 0 0 7 81 4 13 3 0 0 52 0 271 2 76 1845 0 0 0 6 207 0 0 0
MT.TP.3 777 1754 17 20 44 1 0 0 0 129 0 4 0 0 0 33 0 187 0 77 1636 0 0 3 14 145 0 0 0
MT.TP.5 860 1189 16 27 197 0 0 0 0 55 27 25 0 0 0 20 0 103 0 142 1607 0 0 5 28 197 43 0 0
MT.UTR.2 853 1357 0 0 251 0 0 4 0 106 0 0 13 0 0 70 0 140 23 58 1381 0 0 0 2 87 0 0 0
MT.UTR.4 762 1434 0 0 122 0 3 0 0 328 0 0 0 0 0 14 0 60 17 370 586 0 0 0 0 98 0 0 0
MT.UTR.5 913 1390 0 11 91 0 3 1 0 441 0 0 0 0 1 29 0 71 6 459 643 0 0 0 0 88 0 0 0
NC.CMSP.1 826 1078 36 4 101 0 0 0 0 64 7 3 0 0 0 11 0 8 0 162 2277 0 0 0 51 220 25 0 0
NC.CMSP.2 1016 839 20 6 67 0 0 21 0 103 0 7 0 0 0 12 0 0 0 183 2346 0 0 2 14 274 10 0 0
NC.CMSP.4 759 1479 29 0 32 0 0 0 0 42 6 0 0 0 0 22 0 4 0 104 2080 0 0 0 92 164 67 0 0
NC.CMSP.5 636 1574 24 0 10 0 0 0 0 89 0 0 0 0 0 15 0 0 0 762 1342 0 4 2 9 277 169 0 0
NC.CNF.1 1233 680 15 0 11 0 0 0 0 43 0 0 0 0 0 0 0 5 0 947 1512 0 21 0 19 383 17 0 0
NC.CNF.2 485 881 18 14 40 0 0 0 0 90 6 0 0 0 0 29 0 3 4 879 1473 0 0 5 2 935 49 0 0
NC.CNF.3 1133 508 2 8 107 0 0 0 0 11 10 0 0 0 0 63 0 0 0 185 2446 0 3 0 3 325 29 0 0
NC.CNF.4 638 737 6 0 140 0 0 0 0 44 8 3 0 0 0 25 0 16 0 444 2246 0 0 0 1 593 19 0 0
NC.CNF.5 597 608 0 0 77 0 0 0 0 55 0 0 0 0 1 79 0 19 20 175 2209 0 0 0 5 1098 3 0 0
NC.GSM.1 587 897 49 5 3 0 0 0 0 27 10 0 0 0 0 0 0 0 0 1052 1788 0 6 0 1 425 41 0 0
NC.GSM.2 640 873 59 2 25 0 0 0 0 73 0 0 0 0 0 14 0 0 6 904 1795 0 12 0 0 413 69 0 0
NC.GSM.3 622 913 4 0 35 0 0 0 0 9 33 0 0 0 0 14 0 0 0 917 2007 0 6 0 0 277 36 0 0
NC.GSM.4 410 1245 2 0 72 0 0 0 0 177 3 0 0 0 0 34 0 29 0 631 1644 0 0 0 7 556 17 0 0
NC.GSM.5 488 812 29 0 5 0 0 0 0 108 0 0 0 0 0 31 0 4 6 1112 1838 0 7 0 0 360 52 0 0
ND.AN.1 658 1874 0 2 97 2 0 0 0 485 0 0 0 0 6 76 0 21 13 258 478 0 0 0 0 133 0 0 5
ND.AN.2 605 1928 0 7 100 0 6 0 0 452 0 0 0 0 1 86 0 23 19 324 532 0 0 0 3 148 0 0 0
ND.AN.3 342 1595 0 0 131 0 2 0 0 110 0 3 0 0 1 1241 0 24 4 90 956 0 0 0 0 120 0 0 0
ND.AN.4 773 1705 0 13 81 2 9 0 0 464 0 0 0 0 4 150 0 11 18 271 492 0 0 0 0 218 0 0 0
ND.AN.5 606 1845 0 4 57 0 0 0 0 460 0 2 0 0 0 84 0 20 23 243 429 0 0 0 0 157 0 0 1
ND.ER.1 596 1772 0 2 132 0 0 0 0 88 15 3 7 0 0 559 0 213 18 13 801 0 0 0 3 91 0 0 0
ND.ER.5 587 1831 0 5 160 0 0 6 0 141 16 0 9 0 0 77 0 226 18 38 1182 2 0 0 0 81 0 0 0
ND.KS.1 499 1155 0 0 10 0 0 0 2 312 8 0 0 0 0 22 0 8 31 261 749 0 0 0 0 31 0 0 0
ND.KS.2 802 1475 0 0 97 0 5 0 0 429 0 0 0 0 0 19 0 25 22 483 792 0 2 0 5 89 0 0 19
ND.KS.3 876 1363 0 0 86 0 4 0 0 411 0 0 0 0 0 31 0 3 41 298 590 0 0 0 5 79 0 0 2
ND.KS.4 667 1702 0 0 104 0 2 0 0 585 0 0 0 0 0 62 0 7 5 387 529 0 0 0 2 125 0 0 0
ND.KS.5 496 1105 0 0 412 0 0 16 0 107 0 0 0 0 7 167 0 56 26 165 1689 0 0 4 0 83 0 0 3
ND.LI.5 899 1482 50 29 41 0 5 0 0 354 0 0 0 0 0 63 0 68 31 123 413 0 0 2 0 419 0 0 0
ND.LL.1 1069 1216 0 0 108 0 0 0 4 470 0 0 0 0 4 68 0 28 53 479 1055 0 0 3 4 87 0 0 42
ND.LL.2 690 1094 0 3 134 0 0 0 0 399 0 0 0 0 9 48 0 23 28 449 923 0 0 2 0 60 0 0 26
ND.LL.3 883 1474 0 6 59 0 4 0 1 322 0 0 0 0 2 137 0 23 29 303 701 0 0 0 3 164 0 0 31
ND.LL.4 863 1050 0 0 131 0 0 0 1 422 1 0 0 0 2 108 0 26 49 317 884 0 0 0 1 87 0 0 17
ND.LL.5 939 1062 0 7 60 0 0 0 0 462 0 0 0 0 3 68 0 13 59 337 769 0 0 0 10 65 0 0 51
ND.LN.1 522 998 0 9 145 0 0 0 0 140 1 5 0 0 1 643 0 63 14 71 1245 0 2 0 2 506 0 0 0
ND.LN.2 491 890 5 0 51 0 0 0 0 55 2 3 0 0 0 1624 0 144 22 36 918 0 0 0 3 434 0 0 4
ND.LN.4 741 1740 24 3 40 0 0 0 1 311 0 1 0 0 0 233 0 72 41 181 447 0 0 0 0 448 0 2 0
ND.LN.5 936 1452 6 10 42 0 0 0 0 347 8 0 0 0 0 45 0 77 44 268 545 0 0 2 1 449 0 0 9
ND.LZ.1 569 1877 0 0 94 0 0 0 1 107 15 8 0 0 0 115 0 79 24 28 769 0 0 0 8 99 0 0 0
ND.LZ.2 586 1768 0 0 106 0 0 0 0 131 0 0 0 0 0 208 0 140 45 29 1033 0 0 0 2 77 0 0 9
ND.LZ.5 540 2404 0 0 106 0 0 0 0 354 0 0 0 0 0 40 0 7 2 352 509 0 0 0 0 76 0 0 1
ND.WL.1 711 1635 53 17 33 0 0 5 0 399 5 0 0 0 0 78 0 79 37 127 360 0 0 0 9 346 0 0 0
ND.WL.2 721 1736 0 6 47 0 5 0 0 496 1 2 2 0 3 374 0 26 8 293 584 0 0 0 0 197 0 0 0
ND.WL.3 184 883 0 0 99 0 0 0 0 37 0 0 0 0 0 2674 0 34 2 12 645 0 2 0 5 114 0 0 0
ND.WL.4 686 1606 4 2 148 0 0 5 3 99 0 5 2 0 2 368 0 173 27 46 1182 0 0 0 12 293 0 0 0
ND.WL.5 782 1398 0 7 43 0 0 0 0 394 0 0 0 0 3 597 0 70 32 183 534 0 0 0 1 155 0 3 1
NJ.MC.3 794 625 0 0 76 0 0 7 0 42 3 10 0 0 0 1229 0 31 0 137 1589 0 4 0 4 323 13 0 0
NJ.MC.4 650 1121 3 0 73 0 0 0 0 160 18 4 0 0 0 346 0 34 22 105 1595 0 0 0 3 463 5 0 0
NJ.MC.5 894 1072 3 7 54 0 0 0 2 114 0 0 0 0 0 281 0 17 21 131 1516 0 0 0 24 237 41 0 0
NM.CC1.1 247 2271 0 18 45 0 0 0 0 233 40 0 11 0 2 22 0 149 34 42 1116 0 0 0 5 16 0 0 0
NM.CC1.5 187 2789 0 0 44 0 0 0 0 195 11 0 10 0 0 95 0 146 45 25 671 0 0 0 8 18 0 0 0
NM.CC2.1 297 2042 0 20 48 0 0 0 0 230 2 0 13 0 0 124 0 109 45 13 1095 0 0 0 5 20 0 0 0
NM.CN.1 264 2662 0 10 78 0 0 0 0 173 6 0 21 0 0 49 0 152 12 40 1030 0 0 0 0 41 0 0 0
NM.CN.2 369 2275 0 0 77 0 0 0 0 187 10 0 9 0 0 226 0 248 36 0 1090 0 0 0 0 17 0 0 0
NM.CNF.3 375 1703 0 1 187 0 0 0 0 202 91 0 19 0 0 15 0 244 23 62 1514 8 0 0 0 29 0 0 0
NM.EB.2 325 1893 0 21 148 0 0 1 0 178 12 0 16 0 0 353 0 109 44 18 793 2 0 0 12 29 0 0 0
NM.EB.3 446 1891 0 60 91 0 0 0 0 291 6 0 15 0 1 180 0 112 16 56 1121 3 0 0 4 26 0 0 0
NM.GNF.1 738 1574 0 13 67 0 0 0 1 227 0 0 8 0 0 123 0 122 33 106 918 0 0 0 0 44 0 2 0
NM.LNF.3 951 1269 0 0 127 0 0 0 2 227 0 3 0 0 4 188 0 100 19 96 1221 0 0 0 0 235 0 0 0
NM.OM.1 555 1803 0 78 139 0 0 0 0 220 3 0 16 0 0 314 0 93 10 76 842 0 0 0 4 87 0 0 0
NM.OM.4 444 1485 0 42 120 0 0 0 0 163 0 0 5 0 1 360 0 124 16 60 1490 1 0 0 0 53 0 0 0
NM.SAN.1 321 2742 0 13 27 0 0 0 0 404 0 0 1 0 0 35 0 206 21 68 489 0 0 0 14 7 0 0 0
NM.SAN.2 383 2345 0 29 66 0 0 0 0 365 0 0 1 0 0 60 0 212 33 83 658 0 0 0 10 16 0 0 0
NM.SFNF.4 618 2093 0 4 149 2 1 0 1 283 0 0 2 0 0 20 0 143 5 89 1163 5 0 0 0 81 0 0 0
NM.SFNF.5 994 1898 0 6 79 0 0 0 0 130 1 0 6 0 0 37 0 66 8 83 1291 0 0 0 7 244 0 0 0
NV.LM.1 228 2645 0 47 10 0 0 0 0 308 0 0 19 0 0 16 0 105 1 13 965 2 0 0 8 32 0 0 0
NV.LM.2 184 2553 0 28 72 0 0 0 0 405 0 0 8 0 0 107 0 102 5 51 849 0 0 0 40 35 0 0 0
NV.LM.5 147 3189 0 0 26 0 8 0 0 268 0 0 8 0 0 6 0 108 10 67 796 0 0 0 7 39 0 0 0
NY.BM.1 989 890 0 2 150 0 0 0 0 357 2 0 0 0 5 23 0 12 57 416 1626 0 0 0 4 145 0 0 15
NY.BM.2 747 1098 41 14 67 0 0 0 0 217 3 0 0 0 0 350 0 19 1 532 1378 0 0 0 0 402 12 0 3
NY.BM.3 744 1303 8 1 117 0 0 0 0 223 0 0 0 0 2 33 0 15 10 594 1309 0 0 0 2 513 7 0 0
NY.BM.4 817 1346 18 3 24 0 0 0 0 0 12 2 0 1 0 379 0 3 0 450 1597 0 9 5 7 104 84 0 0
NY.BM.5 719 958 0 0 53 0 0 0 0 363 0 2 0 0 0 38 0 12 80 541 1281 0 0 0 0 573 0 0 2
NY.CB.2 890 969 0 4 92 0 0 0 0 147 1 0 0 0 0 55 0 46 48 270 1918 0 0 0 0 475 0 0 11
NY.CB.3 730 977 0 0 109 0 0 0 0 187 1 0 0 0 0 161 0 29 76 155 1484 0 0 2 0 373 0 0 24
NY.CB.5 517 1386 0 3 56 0 0 2 0 188 0 2 0 0 0 32 0 38 13 601 1396 0 0 0 1 689 0 0 0
NY.TS.1 997 1062 0 0 56 0 0 0 0 417 0 0 0 0 6 10 0 3 118 357 899 0 0 0 2 555 0 0 24
NY.TS.3 668 1011 0 8 71 0 0 0 0 272 0 0 0 0 2 54 0 16 52 596 1219 0 2 0 0 835 0 0 20
NY.TS.4 681 1038 6 10 38 0 0 0 0 238 0 7 0 0 0 17 0 14 69 743 1332 0 5 3 0 618 5 0 10
NY.TS.5 886 884 0 3 58 0 0 0 0 296 0 0 0 0 0 16 0 19 66 563 1172 0 0 0 0 767 0 0 22
OH.CV.1 707 1122 0 4 35 0 1 0 0 213 0 1 0 0 0 78 0 9 70 396 1086 0 0 3 0 766 0 0 31
OH.CV.2 945 940 0 1 150 0 0 0 0 290 0 2 0 0 0 77 0 29 46 414 1609 0 0 7 0 356 1 0 20
OH.CV.3 932 892 0 2 127 4 0 0 2 312 0 3 0 0 0 17 0 21 79 361 1797 0 0 0 4 106 0 0 11
OH.CV.4 929 845 0 0 176 0 0 0 1 264 0 0 0 0 0 53 0 32 124 371 1398 0 2 2 0 397 0 0 16
OH.CV.5 916 1034 0 0 172 0 0 0 2 290 0 2 0 0 6 91 0 15 94 439 1345 0 0 0 0 349 0 0 14
OH.DSP.1 833 618 1 0 53 0 4 0 0 160 0 0 0 0 2 73 0 10 31 419 1547 0 0 0 0 1143 0 0 15
OH.DSP.2 976 767 0 3 98 0 0 0 1 284 2 1 0 0 0 56 0 7 150 380 1267 0 0 0 4 322 0 0 28
OH.DSP.3 937 926 13 10 39 0 0 0 2 333 0 0 0 0 0 81 0 9 105 376 946 0 0 0 1 432 0 0 50
OH.DSP.4 780 673 0 5 65 0 0 0 0 171 0 0 0 0 0 69 0 16 101 197 1100 0 0 0 0 649 0 0 23
OH.DSP.5 1056 839 0 7 34 0 0 0 2 242 0 0 0 0 0 87 0 26 122 419 1179 0 0 0 0 436 0 0 23
OH.KPW.1 776 947 0 2 30 0 5 0 0 123 0 0 0 0 0 74 0 28 72 159 1033 0 0 0 2 436 0 0 8
OH.KPW.2 758 1151 0 16 21 0 2 0 0 210 0 0 0 0 0 62 0 60 52 455 844 0 0 0 0 286 0 0 52
OH.KPW.3 760 1232 0 13 63 0 0 0 0 211 0 1 0 0 0 39 0 32 33 440 969 0 3 0 2 381 0 0 38
OH.KPW.4 1026 905 0 9 76 0 4 4 0 163 0 0 0 0 0 66 0 42 21 348 1455 0 7 0 0 405 2 0 24
OH.KPW.5 827 975 0 9 101 0 0 7 0 164 0 0 0 0 0 52 0 38 38 289 1312 0 4 0 0 308 0 0 3
OH.MSF.1 773 1011 21 16 78 0 1 0 0 228 4 0 0 0 0 98 0 34 10 651 1486 0 0 0 0 422 4 0 10
OH.MSF.2 748 1068 25 11 45 0 1 0 1 204 0 1 0 0 2 110 0 48 32 403 1243 0 0 1 0 684 8 0 15
OH.MSF.3 689 1225 5 1 97 0 0 3 0 309 3 0 0 0 0 123 0 27 37 524 1269 0 0 0 0 375 0 0 11
OH.MSF.4 881 696 0 0 157 0 0 0 2 242 0 0 0 0 0 203 0 22 41 221 1275 0 0 0 0 84 0 0 1
OH.MSF.5 1019 773 0 4 136 0 0 0 1 223 0 0 0 0 0 115 0 30 79 223 1700 0 0 0 0 112 0 0 17
OH.WN.1 1182 1024 0 8 80 0 0 0 2 335 4 0 0 0 0 52 0 24 110 511 1103 0 0 0 3 217 0 0 6
OH.WN.3 1127 1058 0 6 79 0 2 0 4 382 0 0 0 0 3 8 0 30 97 527 995 0 0 0 0 147 0 2 56
OH.WN.4 1331 823 0 3 63 0 0 0 3 363 0 2 0 0 1 3 0 24 113 488 1420 0 0 0 0 111 0 2 31
OH.WN.5 810 1086 10 5 115 0 0 0 0 162 0 0 0 0 0 33 0 11 79 554 1298 0 0 0 0 770 0 0 5
OK.KSP.1 936 1647 2 0 24 0 3 2 0 262 1 0 0 0 0 89 0 22 10 276 865 0 0 0 2 618 0 3 0
OK.KSP.3 619 1690 22 10 42 0 0 1 0 114 2 0 0 0 0 169 0 15 17 434 951 0 0 2 3 717 12 0 0
OK.LW.4 1029 1159 0 3 20 0 1 0 0 161 2 0 0 0 0 271 0 45 48 229 1527 0 0 0 0 191 0 2 0
OK.MP.1 1231 979 0 8 54 0 3 0 0 226 0 0 0 0 0 115 0 45 41 189 1172 0 0 0 0 215 0 0 11
OK.MP.2 892 853 5 0 39 0 0 0 1 121 2 0 0 0 0 67 0 27 126 121 936 0 0 0 1 308 0 0 20
OK.MP.3 962 980 0 7 20 0 0 0 4 203 2 0 0 0 0 85 0 17 90 102 910 0 0 0 0 246 0 0 0
OK.MP.5 972 991 0 9 62 0 1 0 0 205 0 0 0 0 0 41 0 20 47 165 949 0 0 0 0 429 0 0 6
OK.SD.3 880 1236 5 40 45 0 0 0 0 116 39 0 0 0 0 119 0 51 6 173 1279 0 0 0 1 350 1 0 1
OR.DN.1 1062 1217 80 16 42 5 0 0 0 179 0 0 0 0 5 81 0 140 26 155 1483 0 0 0 14 291 5 0 0
OR.DN.2 927 1443 33 24 95 0 0 0 2 126 0 0 0 0 8 77 0 213 21 212 1357 0 0 0 0 308 0 0 0
OR.DN.3 852 1645 13 16 67 5 0 0 0 106 0 0 0 0 0 277 0 211 27 94 1338 0 0 0 19 160 0 0 1
OR.DN.5 669 1427 0 11 136 0 0 5 0 3 18 4 0 0 0 11 0 4 0 521 1633 0 0 0 10 121 33 0 0
OR.FL.1 876 1074 0 3 106 1 0 3 0 211 0 0 0 0 2 76 0 29 16 199 1656 0 0 0 2 452 0 0 13
OR.FL.4 719 1128 0 0 131 0 0 0 0 127 0 0 0 0 9 182 0 11 1 211 1312 0 0 3 2 978 0 0 0
OR.MD.1 624 1389 8 0 67 0 0 0 0 196 0 0 0 0 0 73 0 40 7 201 1530 0 0 0 0 670 0 0 0
OR.MD.2 638 1030 16 4 85 0 0 0 0 153 0 0 0 0 1 150 0 60 32 168 1814 0 4 0 1 768 0 0 0
OR.MR.1 441 733 0 0 156 0 0 0 0 339 26 0 0 0 0 174 0 0 9 320 1418 0 0 0 0 221 0 0 4
OR.MR.3 884 1327 31 3 92 0 0 0 0 237 4 11 0 0 4 183 0 65 26 273 1251 0 0 0 1 324 0 0 11
OR.MR.4 720 1577 0 0 157 0 0 0 0 99 0 7 0 0 3 44 0 19 0 252 1589 0 0 0 11 391 0 0 2
OR.SF.1 905 696 25 8 59 0 0 0 0 49 0 3 0 0 0 57 0 18 8 567 2335 0 0 0 4 171 24 0 0
OR.SN.1 794 838 38 13 132 0 0 3 0 147 0 3 0 0 0 40 0 51 9 276 2263 0 2 0 2 305 12 0 3
OR.TS.2 987 964 12 0 60 0 0 0 0 289 0 0 0 0 4 42 0 68 46 261 1872 0 3 0 0 264 0 0 9
OR.TS.3 854 1228 7 6 66 0 0 0 2 248 0 6 0 0 0 12 0 49 6 300 1854 0 0 0 5 248 0 0 2
OR.TS.4 839 994 84 10 70 0 0 1 0 215 0 0 0 0 0 176 0 77 34 243 1618 6 0 2 0 499 0 0 0
OR.UN.5 191 2186 0 40 200 0 0 0 0 83 43 0 0 0 6 626 0 200 0 122 826 0 0 0 0 167 0 0 0
PA.AN.1 1405 605 34 4 21 0 0 0 0 25 3 2 0 2 0 22 4 14 0 538 1925 0 0 0 16 124 129 0 0
PA.AN.2 786 813 83 0 21 0 0 0 0 61 0 0 0 0 0 54 0 2 0 586 2086 0 7 1 12 357 50 0 0
PA.AN.3 984 674 15 0 0 0 0 0 0 65 2 4 0 0 0 38 0 0 0 674 1988 0 5 0 7 342 73 0 0
PA.AN.4 1073 477 6 0 9 0 0 0 0 54 3 0 0 0 0 18 2 15 0 591 1974 0 16 1 10 384 159 0 0
PA.AN.5 806 562 0 7 42 0 0 0 0 9 0 0 0 5 0 31 0 13 0 599 2442 0 0 0 18 393 26 0 0
PA.BE.1 852 1058 22 4 78 0 0 0 0 81 4 4 0 0 0 58 0 19 40 636 1607 0 0 1 28 239 67 0 2
PA.BE.2 576 849 55 28 16 0 0 7 0 40 1 1 0 0 0 12 0 1 0 608 2201 0 0 0 26 301 94 0 0
PA.BE.3 645 1167 30 0 32 0 0 0 0 103 0 0 0 2 0 32 0 23 36 819 1622 0 9 0 5 317 81 0 3
PA.BE.4 1078 910 0 6 145 0 0 0 1 344 0 0 0 0 6 17 0 36 100 582 1487 0 14 0 0 130 0 0 5
PA.BE.5 542 1028 5 0 63 0 0 0 0 4 0 0 0 0 0 19 0 6 0 1030 1822 0 7 0 11 271 60 0 0
PA.RC.1 722 942 81 15 38 0 0 0 0 125 4 1 0 1 0 211 0 18 8 607 1489 1 0 0 5 394 43 0 11
PA.RC.2 824 906 5 25 98 0 0 0 0 340 8 2 0 0 0 67 0 47 45 381 1456 5 0 0 0 290 0 0 17
PA.RC.3 683 792 13 8 99 0 0 0 0 174 0 0 0 2 0 33 0 12 6 875 1751 0 0 0 0 408 35 0 0
PA.RC.4 576 1192 67 13 45 1 0 0 0 98 14 0 0 0 0 25 0 3 0 1064 1413 0 1 0 6 351 47 0 0
PA.RC.5 916 945 23 12 120 0 0 0 1 284 0 0 0 0 0 28 0 31 49 454 1621 2 0 2 6 354 0 0 0
PA.SGL.1 712 1306 0 10 85 0 0 0 0 308 0 0 0 0 0 18 0 29 12 535 1266 0 3 0 5 284 0 0 5
PA.SGL.3 694 683 359 0 13 0 0 3 2 274 7 0 0 3 0 142 33 28 71 298 1028 0 0 0 0 896 18 0 2
PA.SGL.4 814 597 101 10 52 0 0 0 2 116 3 9 0 0 0 49 0 12 9 356 1951 0 0 0 0 725 44 0 0
SC.AJ.1 670 828 4 11 27 0 0 0 0 124 0 3 0 0 0 17 0 14 35 1097 1532 0 2 0 5 483 8 0 5
SC.AJ.2 827 1030 12 11 66 0 0 0 0 261 0 1 0 2 5 63 0 36 103 545 1353 0 3 0 0 506 2 0 21
SC.AJ.3 651 1163 4 0 26 0 0 4 0 64 2 0 0 0 0 75 0 17 11 879 1351 0 4 1 20 429 98 0 0
SC.AJ.4 535 1016 2 2 38 0 0 0 0 173 0 0 0 0 0 28 0 45 35 968 1493 0 2 1 3 550 18 0 4
SC.AJ.5 959 1018 2 4 36 0 0 0 3 281 0 2 0 0 5 59 0 20 120 479 1340 0 0 0 0 391 0 0 32
SD.AS.1 782 1338 0 4 145 0 0 2 1 423 0 0 0 0 3 48 0 31 13 361 937 0 0 0 6 146 0 0 7
SD.AS.2 783 1605 0 8 99 0 4 0 0 263 2 0 0 0 1 74 0 21 52 367 786 0 1 0 0 566 0 0 0
SD.AS.3 858 1218 0 12 91 0 6 3 1 265 0 0 0 0 0 54 0 18 81 381 1063 0 3 0 2 533 0 0 25
SD.AS.4 885 1542 0 0 36 0 0 0 3 141 3 0 0 0 0 196 0 8 32 214 750 0 0 0 0 113 0 0 0
SD.AS.5 935 1610 0 1 115 0 0 3 3 339 0 0 0 0 3 72 0 45 16 257 1181 0 0 0 0 106 0 0 12
SD.BH.1 1010 1551 0 0 158 0 0 0 1 319 0 3 0 0 6 88 0 66 2 158 1150 0 0 0 2 185 0 0 0
SD.BH.2 959 1338 0 0 211 0 0 0 2 303 0 0 0 0 0 80 0 12 12 442 1113 0 0 0 0 199 0 0 2
SD.BH.3 907 1635 0 0 193 0 2 6 1 313 0 3 0 0 0 74 0 20 3 179 1352 0 0 0 0 182 0 0 7
SD.BH.5 859 1623 0 3 66 0 6 0 0 423 0 0 0 0 0 139 0 28 41 290 623 0 0 0 0 123 0 0 3
SD.BN.1 779 1383 0 5 186 0 0 0 2 180 8 4 0 0 2 54 0 109 31 112 971 0 0 0 2 50 0 0 0
SD.BN.2 911 1382 0 4 126 0 0 0 0 274 0 0 0 0 0 27 0 63 17 146 846 0 0 0 0 40 0 0 0
SD.BN.4 946 1058 0 9 61 0 0 2 0 422 0 0 1 0 2 30 0 55 14 241 558 0 0 0 0 42 0 0 0
SD.BN.5 799 1145 0 24 30 0 0 0 0 474 4 0 0 0 0 29 0 72 25 218 522 0 0 0 0 36 0 0 0
SD.CS.1 1005 1909 14 5 81 0 0 0 0 357 11 0 0 0 0 4 0 66 12 151 1185 0 0 0 1 120 0 0 0
SD.CS.2 1148 1465 6 27 126 0 0 0 0 369 0 0 1 0 2 42 0 139 8 169 1144 0 0 5 3 118 0 14 0
SD.CS.3 810 1072 0 2 169 0 0 0 3 163 0 0 0 0 2 104 0 18 20 270 1435 0 0 3 0 855 0 0 8
SD.CS.4 1045 1414 4 5 95 0 0 0 0 316 3 5 0 0 0 20 0 66 13 147 1541 0 1 0 0 233 0 0 0
SD.CS.5 1015 1432 0 0 91 0 2 0 0 118 0 0 0 0 0 30 0 49 5 105 1436 0 0 0 0 694 0 0 0
SD.DN.1 790 1302 0 0 176 0 0 0 0 371 0 0 0 0 0 60 0 17 27 464 1011 0 0 0 4 163 0 0 10
SD.DN.2 935 1807 0 0 108 0 0 0 0 336 0 0 0 0 0 117 0 13 19 105 1116 0 0 0 0 66 0 0 0
SD.DN.3 874 1571 0 0 112 0 0 0 0 263 10 0 0 0 0 153 0 24 26 87 1116 0 0 0 0 64 0 2 0
SD.DN.4 794 1426 0 5 51 0 0 0 0 270 0 0 0 0 0 117 0 27 25 70 880 0 0 0 0 136 0 0 0
SD.DN.5 1029 1412 0 4 97 0 0 0 0 318 0 0 0 0 5 144 0 33 21 173 1070 0 0 0 0 89 0 0 1
SD.LH.1 632 1635 0 6 54 0 1 0 0 499 0 0 0 0 1 29 0 23 37 270 584 0 0 0 1 104 0 0 7
SD.LH.2 756 1293 0 7 34 0 0 0 0 297 0 0 0 0 0 22 0 15 64 191 603 0 0 0 0 282 0 0 17
SD.LH.3 703 1432 0 10 87 0 3 0 0 277 0 0 0 0 0 79 0 23 43 213 630 0 0 0 1 286 0 0 3
SD.LH.4 753 1332 0 10 70 0 3 0 0 376 0 0 0 0 0 34 0 17 28 366 663 0 0 0 5 150 0 0 7
SD.LH.5 563 1275 0 0 38 0 0 0 2 273 0 0 0 0 0 87 0 20 49 108 657 0 0 0 0 57 0 0 9
SD.OL.1 958 1748 0 6 68 0 0 0 0 355 0 0 0 0 0 67 0 17 17 190 901 0 0 0 0 119 0 0 6
SD.OL.2 642 1574 0 1 66 0 2 6 0 386 0 0 0 0 2 64 0 7 29 241 603 0 0 0 0 157 0 0 5
SD.OL.3 710 1464 0 7 65 0 5 0 2 289 0 0 0 0 2 76 0 23 51 191 625 0 0 0 0 512 0 0 13
SD.OL.4 867 1204 0 8 55 0 1 0 2 322 2 0 0 0 0 48 0 10 65 289 752 0 0 0 0 460 0 0 4
SD.OL.5 732 1476 0 4 59 0 0 0 0 314 0 0 0 0 0 52 0 25 44 136 799 0 0 0 0 191 0 0 0
SD.SS.1 1024 1416 0 10 62 0 0 3 0 339 0 0 0 0 0 37 0 16 108 271 684 0 0 0 2 158 0 0 12
SD.SS.2 919 1383 0 5 85 0 3 0 1 359 0 0 0 0 0 47 0 15 65 335 758 0 0 0 0 320 0 0 7
SD.SS.3 1214 1029 0 14 50 0 1 1 2 267 0 0 0 0 0 68 0 32 118 225 692 0 0 0 3 230 0 0 16
SD.SS.4 978 1237 0 7 75 0 4 1 0 357 0 0 0 0 1 44 0 19 62 283 868 0 0 0 0 176 0 0 8
SD.SS.5 849 1468 0 4 97 0 13 0 1 358 0 0 0 0 0 90 0 15 43 337 858 0 4 0 0 195 0 0 17
TN.CS.1 915 916 39 2 24 0 0 0 1 237 0 0 0 0 0 102 0 11 74 536 1382 0 2 2 2 542 4 0 21
TN.CS.2 604 873 13 0 30 0 0 0 0 49 1 0 0 0 0 104 0 24 0 728 1886 0 3 0 0 559 14 0 0
TN.CS.3 468 1022 68 3 18 4 0 0 0 138 9 2 0 0 0 196 0 0 2 1009 1429 0 16 0 8 385 41 0 0
TN.CS.4 752 1107 28 0 29 0 0 0 0 17 50 1 0 0 0 27 0 0 0 778 1596 0 9 1 1 424 48 0 0
TN.CS.5 645 991 16 0 15 0 0 4 0 34 17 1 0 0 0 22 0 0 0 949 1620 0 12 0 5 488 22 0 0
TN.FC.1 794 866 10 2 30 0 0 0 0 52 10 0 0 0 0 9 0 0 0 793 1904 0 3 0 7 419 30 0 0
TN.FC.2 603 796 64 0 46 0 0 0 0 58 18 2 0 0 0 24 0 3 10 727 1851 0 9 0 0 688 31 0 0
TN.FC.3 649 807 130 0 61 0 0 0 0 86 14 0 0 0 0 41 5 0 11 772 1624 0 14 0 1 546 55 0 0
TN.FC.4 615 598 60 0 88 0 0 0 0 42 8 0 0 0 0 101 0 0 7 498 1944 0 0 0 0 898 0 0 0
TN.FC.5 670 761 92 5 67 0 0 0 0 25 21 10 0 0 0 42 0 5 14 595 1913 0 18 0 3 553 42 0 0
TN.WR.2 1066 1250 0 18 96 0 0 0 1 300 3 0 0 0 0 120 0 55 36 238 1221 0 0 0 1 111 0 0 12
TN.WR.3 945 1306 0 19 116 0 7 0 0 419 9 0 0 0 0 35 0 41 19 257 1282 3 0 0 0 75 0 0 5
TN.WR.4 825 786 0 0 268 0 3 0 4 159 0 0 0 0 4 217 0 53 34 216 1952 0 0 0 0 190 2 0 19
TN.WR.5 967 1302 11 0 81 0 4 0 0 416 0 0 0 0 4 34 0 40 18 254 1257 0 0 0 0 279 0 0 1
TX.AB.1 1172 637 0 0 38 0 0 0 1 131 0 0 0 0 0 56 0 28 78 214 1113 0 0 0 0 168 0 0 19
TX.AB.2 1140 757 0 0 46 0 0 0 0 202 2 8 0 0 0 76 0 18 58 256 1636 0 0 0 4 230 0 0 10
TX.AB.4 1478 700 0 2 64 0 0 3 1 221 0 0 0 0 5 63 0 39 69 392 1545 0 1 0 0 111 0 0 4
TX.AB.5 706 693 6 5 19 0 0 0 0 122 0 0 0 0 0 64 0 12 69 316 1515 0 0 0 0 1221 0 0 1
TX.BB.1 473 1836 0 48 52 0 0 0 0 366 0 0 1 0 0 92 0 71 12 56 542 0 0 0 15 20 5 0 0
TX.BB.2 408 2223 0 40 41 0 0 0 0 295 0 0 6 0 0 40 0 88 18 76 423 0 0 0 13 37 0 0 0
TX.BB.3 393 2334 0 42 27 0 0 0 0 281 0 0 2 0 0 22 0 80 14 56 327 0 0 0 14 17 0 0 0
TX.BN.1 0 4 0 0 0 0 0 0 0 0 8 0 0 0 0 5 0 0 0 10 76 0 0 0 0 0 0 0 0
TX.BN.4 0 15 0 0 6 0 0 0 0 0 0 0 0 0 0 8 0 0 0 4 124 0 0 0 0 0 0 0 0
TX.CB.1 767 1381 0 2 27 0 0 0 0 157 2 0 0 0 0 319 0 119 34 92 848 0 0 0 1 198 6 0 0
TX.CB.2 865 1318 0 9 48 0 0 0 0 302 0 0 0 0 0 134 0 79 45 184 887 0 0 0 1 82 0 0 0
TX.CB.4 911 1514 0 17 33 0 0 0 0 369 0 0 0 0 3 85 0 51 67 155 638 0 0 0 0 36 0 0 0
TX.CH.2 839 1583 0 8 62 0 0 0 0 247 0 0 0 0 0 140 0 53 49 212 925 0 0 0 0 89 0 0 0
TX.CH.3 674 1674 0 22 65 0 0 0 0 257 3 0 0 0 0 64 0 42 33 251 1033 0 0 0 0 67 0 0 0
TX.CH.4 279 1511 0 4 1184 0 0 7 0 61 2 0 0 0 0 102 0 37 15 37 1169 0 0 0 0 32 0 0 4
TX.CH.5 839 1315 0 2 48 0 0 0 0 211 0 0 0 0 0 120 0 40 39 248 777 0 0 0 1 88 0 0 0
TX.CR.1 795 1199 0 15 52 0 0 0 0 338 6 0 0 0 0 11 0 38 57 387 826 0 0 0 0 57 0 0 2
TX.CR.3 871 1499 0 3 10 0 0 0 0 425 0 0 0 0 0 21 0 55 30 315 560 0 0 0 0 23 0 0 0
TX.CR.4 1002 1130 0 10 39 0 0 0 0 274 0 0 0 0 0 30 0 60 79 377 851 0 0 0 1 92 0 0 3
TX.CR.5 993 1098 0 19 88 0 0 0 0 253 0 0 0 0 0 59 0 46 53 404 976 0 1 0 1 97 0 0 11
TX.DP.1 1024 1289 0 18 20 0 0 0 0 257 0 0 0 0 0 85 0 32 121 384 809 0 0 0 0 271 0 0 5
TX.DP.2 1128 1268 0 49 20 0 0 0 0 358 0 0 0 0 0 133 0 40 83 369 802 0 0 0 0 92 0 0 0
TX.DP.5 678 1600 0 27 26 0 0 2 0 308 0 0 0 0 2 144 0 9 36 515 966 0 0 0 2 70 0 0 0
TX.GCS.1 745 1310 0 10 17 0 0 0 0 213 0 0 0 0 0 178 0 45 78 147 547 0 0 0 3 36 0 0 0
TX.GCS.2 1075 1262 0 12 20 0 0 0 0 218 0 0 0 0 0 208 0 57 85 187 564 0 0 0 0 29 0 0 0
TX.GCS.3 941 1162 0 3 13 0 0 0 0 131 0 0 0 0 0 227 0 86 52 130 842 0 0 0 0 117 0 0 6
TX.GCS.4 667 1314 0 12 31 0 0 4 0 252 0 0 0 0 0 149 0 63 56 211 607 0 1 0 0 70 0 0 0
TX.GCS.5 833 1288 0 9 12 0 0 0 0 272 0 0 0 0 0 190 0 52 61 234 599 0 0 0 0 38 0 0 1
TX.LL.2 989 1106 0 2 98 0 4 0 0 264 1 0 0 0 1 151 0 48 52 274 1158 0 0 0 0 160 0 0 4
TX.LL.4 817 1464 0 0 79 0 0 0 1 254 0 0 0 0 0 109 0 53 28 198 1040 0 0 0 0 73 0 0 6
TX.MC.1 693 1812 0 18 11 0 0 0 0 403 0 0 0 0 0 121 0 86 99 371 847 0 0 0 0 36 0 0 0
TX.MC.3 874 1171 0 9 25 0 0 1 0 241 1 2 0 0 0 141 0 37 111 258 751 0 0 0 0 127 0 0 5
TX.MC.4 994 953 0 0 25 0 0 0 0 147 0 0 0 0 0 468 0 31 81 122 719 0 0 0 0 84 0 0 7
TX.MN.1 578 1821 0 11 62 0 0 0 0 164 0 0 0 0 0 27 0 37 36 354 920 0 0 0 1 112 0 2 0
TX.MN.2 743 1796 0 25 42 0 0 0 0 381 0 0 0 0 0 51 0 14 79 283 612 0 0 0 2 76 0 0 0
TX.MN.3 921 1342 0 4 20 0 0 0 0 163 0 0 0 0 0 293 0 42 74 133 907 0 0 0 0 85 0 0 1
TX.MN.4 568 1656 0 7 70 0 0 6 0 181 0 0 0 0 0 270 0 88 83 55 1286 0 0 0 2 63 0 0 9
TX.MN.5 493 1046 0 9 233 0 0 0 0 139 10 0 0 0 0 224 0 75 98 129 1759 0 0 0 0 64 0 0 0
TX.PDC.3 744 1843 0 5 60 0 0 0 0 269 10 0 0 0 0 93 0 61 24 131 846 0 0 0 0 46 0 0 0
TX.PDC.4 651 2053 0 15 56 0 0 0 0 303 5 0 0 0 0 51 0 113 11 148 613 0 0 0 0 23 0 8 0
TX.SH.1 523 874 0 0 20 0 2 0 0 100 0 0 0 0 0 37 0 5 104 395 1460 0 0 3 2 1180 2 0 0
TX.SH.2 1323 807 0 25 64 0 0 0 0 380 0 0 0 0 2 101 0 59 114 327 980 0 1 0 1 51 0 0 50
TX.SH.3 1288 1053 0 8 95 0 0 0 0 206 0 0 0 0 0 50 0 16 75 387 948 0 5 0 0 212 0 0 7
TX.SH.4 919 1190 10 8 13 0 0 0 0 119 7 0 0 0 0 24 0 5 0 686 1363 0 5 0 4 264 82 0 0
TX.SH.5 390 669 2 8 5 0 0 0 0 144 0 0 0 0 0 168 0 13 84 396 1489 0 0 0 2 1404 0 0 0
UT.BD.1 427 2246 0 68 34 0 0 0 0 473 0 0 4 0 0 11 0 52 16 196 633 7 0 0 7 31 0 0 0
UT.BD.4 141 2495 0 45 151 0 0 0 0 186 4 0 5 0 0 138 0 68 2 129 948 7 0 0 0 48 0 0 0
UT.BD.5 321 2226 0 52 118 0 0 0 0 265 0 0 4 0 0 45 0 84 15 210 883 11 0 0 0 5 0 0 0
UT.CG.2 1158 1006 12 62 95 0 0 0 0 140 10 7 0 0 0 6 0 24 0 412 1219 0 0 0 4 646 22 0 0
UT.CG.3 1154 1221 8 76 101 0 0 0 0 178 7 2 0 0 0 26 0 74 1 334 909 0 1 0 17 659 52 0 3
UT.CG.4 1083 1431 21 52 73 0 0 0 0 202 2 2 0 0 0 57 0 59 1 290 842 0 0 0 13 613 52 0 0
UT.DN.2 880 2072 0 11 67 0 0 0 0 336 0 0 0 0 0 53 0 70 0 191 666 0 0 0 0 72 0 0 0
UT.FN.1 567 1828 0 2 298 0 3 0 0 249 3 0 3 0 7 5 0 54 5 224 1350 0 0 0 0 97 0 0 0
UT.FN.3 691 1588 0 17 102 0 0 0 0 329 3 0 7 0 0 24 0 87 18 227 699 3 0 0 0 46 0 0 0
UT.FN.4 670 1644 0 0 131 0 6 0 3 406 0 1 1 0 4 101 0 30 1 259 888 0 0 0 0 108 0 0 0
UT.SL.1 786 1762 0 11 91 0 0 0 0 243 227 0 1 0 1 108 0 70 0 367 684 0 0 0 0 96 0 0 0
UT.SLC.3 708 1556 0 0 117 0 0 0 0 370 30 0 0 0 0 22 0 50 4 308 832 0 0 0 0 63 0 3 0
UT.SLC.4 76 1450 0 0 0 0 0 0 0 305 2 0 0 0 0 84 0 33 0 31 584 0 0 0 0 10 0 0 0
UT.SLC.5 595 2030 0 11 116 0 0 0 0 384 0 0 0 0 0 47 0 25 7 249 945 0 0 0 0 53 0 0 0
WA.KB.1 1095 1459 31 7 23 0 1 0 0 291 0 3 2 0 0 86 0 89 56 186 563 0 2 0 0 610 0 0 1
WA.KB.4 1132 1381 0 18 89 3 1 0 0 302 3 2 0 0 5 25 0 70 20 193 890 0 0 4 0 376 0 0 1
WA.KB.5 1126 1309 5 0 78 0 0 4 0 328 0 0 0 0 7 87 0 44 41 200 969 0 0 0 0 661 0 0 4
WA.MB.1 634 1123 41 62 176 0 0 12 0 102 2 9 0 0 0 0 0 78 0 577 1342 0 0 10 0 152 50 0 0
WA.MB.5 620 1167 10 53 126 0 0 0 0 104 14 0 0 1 0 0 0 27 25 579 1512 0 0 0 2 156 4 0 0
WA.SB.2 652 2093 0 9 137 0 0 0 0 175 0 0 1 0 2 60 0 74 9 210 672 0 0 0 0 129 0 0 0
WA.SB.4 672 2069 5 3 52 0 0 0 0 245 1 0 0 0 0 114 0 51 19 161 644 0 0 0 1 288 0 0 5
WA.SB.5 639 2039 1 1 112 0 0 0 0 221 0 3 0 0 0 66 0 40 13 170 860 0 0 0 2 251 0 0 0
WA.TM.2 802 1161 12 2 138 0 0 0 0 367 0 2 0 0 2 31 0 42 50 308 1547 0 0 0 0 316 0 0 19
WY.BB.1 514 1553 0 8 90 0 0 0 0 410 24 0 2 0 0 349 0 84 3 174 633 9 0 0 0 38 0 0 0
WY.BH.1 731 1459 0 31 226 0 1 0 0 263 0 0 0 0 0 48 0 61 25 124 476 0 0 0 0 90 0 0 0
WY.BH.3 494 1206 0 7 41 0 0 0 0 540 21 0 0 0 0 61 0 86 20 272 479 0 0 0 3 35 0 0 2
WY.BH.4 758 1247 0 15 52 0 0 0 0 343 1 0 0 0 0 36 0 64 19 214 553 2 0 0 0 22 0 0 0
WY.BH.5 611 1610 0 2 105 0 2 0 0 292 0 0 0 0 0 124 0 21 17 303 543 0 0 0 0 58 0 0 1
WY.BN.2 592 1916 1 5 98 1 0 0 0 718 14 0 0 0 0 1 0 63 16 196 846 4 0 0 0 93 0 0 2
WY.BN.5 884 1807 2 6 180 0 0 0 1 337 1 4 0 0 0 38 0 99 6 181 754 0 0 0 0 221 0 0 0
WY.TB.1 675 1122 0 0 15 0 1 0 0 436 0 1 0 0 0 15 0 89 29 212 326 0 0 0 0 35 0 1 0
WY.TB.2 786 1183 0 26 84 0 0 0 0 434 75 0 1 0 0 29 0 91 18 246 473 1 0 1 0 55 0 0 0
WY.TB.3 651 1666 0 7 89 0 0 0 0 326 2 0 6 0 0 57 0 77 3 222 527 0 0 0 0 95 0 0 0
WY.TB.5 822 1440 0 1 193 0 4 0 1 249 10 0 0 0 0 71 0 41 5 302 774 0 0 0 2 85 0 0 0
WY.YN.5 963 1164 62 40 60 0 0 0 0 19 7 18 0 0 0 14 0 17 0 648 1329 0 0 0 1 396 55 0 0
