acidiphila aerilata alaskensis alba amylolyticus andropogonis badius bifermentans boronitolerans bowmanii bryophila butyricum celatum cellulosum chondroitinus columnare curdlanolyticus dilutus equi exedens fasciculatus genosp. globerulus globiformis guillouiae halophobica halotolerans henricii iriomotensis koreensis leptocrescens limosus longiquaesitum mallensis maritima massiliensis meridiei mirabilis obscurus ochraceum paludicola plantarum pomorum pyridinolyticus rhizophila rhizosphaerae rhizovicinus ruber scabrisporus starrii succinicans sullae tenuis terrigena thermolimosa ultimum umsongensis Unassigned vannielii versatilis vinacea viridiflava wittichii
AL.BN.1 0 0 0 0 0 0 0 0 0 5 266 0 45 0 0 0 0 0 0 0 0 0 0 9 0 0 0 0 0 0 0 0 0 0 0 23 0 16 0 0 0 0 0 2 0 0 0 0 0 0 4 8 0 0 0 0 13 4440 17 0 0 0 0
AL.BN.2 0 0 0 0 0 0 0 0 0 0 21 0 21 0 0 0 0 0 0 0 27 0 0 7 0 13 6 0 0 1 0 0 0 0 0 27 0 24 0 0 0 0 0 0 0 0 0 0 0 0 0 10 0 0 0 0 0 4687 0 0 0 0 0
AL.BN.3 0 0 0 0 0 0 0 0 14 0 83 0 0 0 0 0 0 0 0 0 0 0 0 0 0 56 21 0 0 0 0 0 0 0 0 21 0 12 0 0 0 0 0 0 0 0 0 0 0 0 0 5 0 0 0 0 23 4686 0 0 0 0 0
AL.BN.4 8 0 0 0 0 6 0 0 0 0 25 3 0 0 0 0 0 0 0 0 0 0 0 4 0 9 0 4 0 0 0 0 0 0 0 37 0 8 0 0 0 0 0 19 0 0 0 0 0 1 0 10 0 0 0 0 0 4366 0 0 0 0 0
AL.CSP.3 0 0 0 0 0 0 5 0 0 0 149 0 216 0 5 0 0 0 0 0 0 0 0 0 0 0 0 0 0 0 0 0 0 0 0 17 0 0 0 0 0 0 0 0 0 0 0 0 0 0 0 0 0 0 0 0 0 4444 8 0 0 0 0
AL.CSP.4 0 0 0 0 0 0 0 0 0 0 0 0 324 0 0 0 0 0 0 0 8 0 0 0 0 0 0 0 0 0 0 0 0 0 0 0 0 0 0 0 0 0 0 0 0 0 0 0 0 0 0 0 0 0 0 0 0 4536 10 0 0 0 0
AL.CSP.5 0 0 0 0 0 0 0 0 0 0 0 0 175 0 0 0 0 0 0 0 7 0 0 0 0 0 0 0 0 0 0 0 0 0 0 13 0 13 0 0 0 0 0 0 4 0 102 0 0 0 0 0 0 0 0 0 24 4377 0 0 0 0 0
AL.OM.1 42 0 0 0 0 0 0 0 5 0 97 0 317 0 12 0 0 0 0 0 0 0 0 0 0 0 4 0 20 0 0 0 130 0 0 50 0 24 0 0 0 0 0 0 0 0 0 0 0 0 7 21 0 0 0 0 0 4194 0 0 0 0 23
AL.OM.2 0 0 0 0 0 0 0 0 0 0 122 0 523 0 0 0 0 0 0 0 0 0 0 0 0 0 0 0 0 0 0 0 0 0 0 51 0 0 0 0 0 0 0 0 0 0 13 0 0 0 0 0 0 0 0 0 0 4138 14 0 0 0 0
AL.OM.3 0 0 0 0 0 0 0 0 0 0 114 0 507 0 6 0 0 0 0 0 0 0 0 0 0 0 0 0 0 0 0 0 0 0 0 36 0 0 0 0 0 0 0 0 0 0 0 0 0 0 0 17 0 0 0 0 0 4277 0 0 0 0 10
AL.OM.4 26 0 0 0 0 0 0 0 0 0 104 0 367 0 6 0 0 0 0 0 0 0 0 0 0 0 0 0 18 0 0 0 0 0 0 67 0 51 0 0 0 0 0 0 0 0 0 0 0 0 0 28 0 0 0 0 35 4171 0 0 0 0 5
AL.OM.5 29 0 0 0 0 0 0 0 0 0 43 0 164 0 0 0 5 0 0 0 0 0 0 15 0 0 9 6 0 0 0 0 0 0 0 55 0 40 0 0 0 0 0 0 0 0 0 0 0 5 12 31 0 0 0 0 34 4468 0 0 0 0 0
AL.TIH.1 0 0 0 0 0 0 0 0 0 0 5 0 45 0 0 0 0 0 0 0 0 0 0 0 0 18 8 0 10 0 0 0 19 0 0 15 0 30 0 0 0 0 0 13 0 2 0 0 0 1 9 0 0 0 0 0 0 4100 0 0 0 0 0
AL.TIH.2 15 0 0 0 0 0 0 0 0 0 75 0 167 0 0 0 0 0 0 0 16 0 0 0 0 12 0 0 18 0 0 0 0 0 0 41 0 10 0 0 0 0 0 0 0 0 0 0 0 0 0 4 0 0 0 0 0 4575 4 0 0 0 8
AL.TIH.3 3 0 0 0 0 0 0 0 0 0 82 0 408 0 0 0 0 0 0 0 14 0 0 0 0 0 0 0 0 0 0 0 0 0 0 11 0 0 0 0 0 0 0 0 0 0 0 0 0 0 0 0 0 0 0 0 0 4363 9 0 0 0 0
AL.TIH.4 15 0 0 0 0 0 0 0 0 0 41 0 103 0 0 0 0 0 0 0 0 0 0 6 0 0 15 0 22 0 0 0 0 0 0 45 0 19 0 0 0 0 0 0 0 0 0 0 0 0 0 19 0 0 0 0 15 4589 5 0 0 0 5
AL.TIH.5 0 0 0 0 0 10 0 0 0 0 420 0 585 0 0 0 0 0 0 0 0 0 0 0 0 7 0 0 0 0 0 0 0 0 0 2 0 0 0 0 0 0 0 0 0 0 0 0 0 0 0 0 0 0 0 0 0 3856 0 0 0 0 0
AL.TN.1 13 0 0 0 0 0 0 0 0 0 0 0 0 0 0 0 0 0 0 0 0 0 0 0 0 24 6 0 0 0 0 0 0 0 0 8 0 14 0 15 0 0 0 14 0 0 0 0 0 0 0 12 0 0 0 0 0 4363 0 0 0 0 0
AL.TN.2 8 0 0 0 0 0 0 0 0 0 0 0 22 0 0 0 0 0 0 0 0 0 0 0 0 24 12 0 0 0 0 0 0 0 0 23 0 27 0 6 0 0 0 22 0 0 0 0 0 0 0 38 0 0 0 0 17 4537 0 0 0 0 0
AL.TN.3 3 0 2 0 0 0 0 0 0 0 0 0 16 0 0 0 0 0 0 2 0 0 0 0 0 12 0 3 0 1 0 5 0 0 0 23 0 25 0 7 0 0 0 25 0 0 0 0 0 3 0 60 0 0 0 0 9 4466 0 0 0 0 0
AL.TN.4 0 0 0 0 0 0 0 0 0 0 0 0 9 0 2 0 0 0 0 0 0 0 0 1 0 10 0 0 0 0 0 0 10 0 0 16 0 16 0 16 0 0 0 16 0 0 0 0 0 0 0 19 0 0 0 0 0 4670 0 0 0 0 0
AL.TN.5 0 0 2 0 0 6 0 0 0 0 91 0 261 0 0 0 0 0 0 0 0 0 0 0 0 26 8 0 0 0 4 0 0 0 0 28 0 27 0 0 0 3 0 104 0 0 0 0 0 7 0 5 0 0 0 0 0 4299 0 0 0 0 0
AR.BG.2 15 0 0 0 0 0 0 10 0 8 9 0 33 0 7 0 0 0 0 0 0 0 0 0 0 0 0 0 0 0 0 0 71 0 0 18 0 21 0 0 0 0 0 11 23 7 0 0 0 0 0 0 0 0 0 0 11 3843 0 0 0 0 0
AR.BG.3 0 0 0 0 0 0 0 0 2 0 0 0 29 0 0 0 0 0 3 0 0 0 0 0 0 1 1 0 0 0 0 0 123 0 0 30 0 21 0 0 0 0 0 0 0 0 0 0 0 0 17 10 0 0 0 0 7 4382 3 0 0 0 0
AR.BG.4 10 0 0 0 0 0 0 1 0 0 0 0 29 0 0 0 0 0 10 0 0 0 0 0 9 0 6 9 0 0 0 0 80 0 0 30 0 18 0 0 0 0 0 0 5 3 0 0 0 0 14 15 0 0 0 0 14 4482 0 0 0 0 0
AR.BG.5 7 0 0 0 0 0 0 5 0 3 0 0 22 0 0 0 0 0 1 0 5 0 0 0 0 0 7 4 1 0 0 0 86 0 0 19 0 9 0 0 0 0 0 9 0 2 0 0 0 4 17 0 0 0 0 0 7 4392 2 0 0 0 0
AR.FR.1 9 0 0 0 0 0 0 5 0 0 0 0 41 0 0 0 0 0 0 0 0 0 0 0 0 0 0 0 0 0 0 0 0 0 0 18 0 21 0 0 0 0 0 0 0 0 0 0 0 0 0 6 0 0 0 0 6 4435 0 0 0 24 0
AR.FR.2 3 0 0 0 0 0 0 0 0 2 0 0 32 0 0 0 0 0 0 0 9 0 0 0 0 8 0 0 0 0 2 0 11 0 0 12 0 8 0 0 0 0 0 14 0 0 0 0 0 2 0 0 0 0 0 0 2 4058 0 0 0 0 0
AR.FR.3 35 0 0 0 0 0 0 0 0 0 0 0 55 0 0 0 0 0 0 0 0 0 0 0 0 0 0 0 0 0 0 0 7 0 0 22 0 0 0 0 0 0 0 0 0 0 0 0 0 0 0 8 0 0 0 0 0 4381 0 0 0 0 0
AR.FR.4 0 0 0 0 0 0 0 2 0 0 0 0 38 0 0 0 0 0 0 0 0 0 0 0 0 0 2 0 0 0 0 0 7 0 0 8 0 8 0 0 0 0 0 6 0 0 0 0 0 0 0 0 0 0 0 0 2 3736 0 0 0 0 0
AR.FR.5 0 0 0 0 0 0 0 0 0 0 0 0 58 0 0 0 0 0 0 0 0 0 0 0 0 0 0 0 0 0 0 0 16 0 0 0 0 0 0 0 0 0 0 0 0 0 0 0 0 0 0 0 0 0 0 0 0 3672 0 0 0 0 0
AR.LL.1 7 0 0 0 0 0 0 0 0 0 37 0 165 0 0 0 0 0 1 0 10 0 0 13 0 0 12 0 0 0 0 0 10 0 0 24 0 32 0 0 0 0 0 0 0 0 0 0 0 0 0 7 0 0 0 0 62 4338 2 0 0 0 0
AR.LL.2 0 0 0 0 0 0 0 0 0 0 56 0 87 0 13 0 0 0 0 0 0 0 0 8 0 0 4 0 9 0 0 0 34 0 0 49 0 68 0 0 0 0 0 0 0 0 0 0 0 0 0 8 0 0 0 0 9 4545 0 0 0 0 5
AR.LL.3 0 0 0 0 0 0 0 2 0 0 213 0 394 0 0 0 0 0 0 0 16 0 0 0 0 0 0 0 35 0 0 0 0 0 0 29 0 58 0 0 0 0 0 0 0 0 5 0 0 0 6 3 0 0 0 0 3 4133 7 0 0 0 0
AR.LL.4 0 0 0 0 0 0 0 5 0 0 12 0 84 0 0 0 0 0 0 0 10 0 0 0 0 0 3 4 10 0 0 0 9 0 0 32 0 25 1 0 0 0 0 3 0 0 0 0 0 0 31 19 0 0 0 0 8 4574 0 0 0 0 0
AR.LL.5 0 0 0 0 0 0 0 0 0 0 0 0 33 0 5 0 0 0 0 0 0 0 0 0 0 0 9 7 5 0 0 0 28 0 0 27 0 13 0 0 0 0 0 4 0 2 0 0 0 1 28 7 0 0 0 0 15 4126 0 0 0 0 0
AZ.IF.2 0 0 0 0 0 0 6 0 0 0 0 0 0 0 0 0 0 3 0 0 0 0 0 0 0 23 0 0 0 0 0 0 0 0 0 0 0 0 291 13 0 0 0 12 0 0 0 0 0 0 0 0 0 0 0 0 0 3522 0 0 0 0 9
AZ.IF.3 0 0 0 0 0 0 8 0 0 0 0 0 0 0 0 0 0 0 0 0 0 0 0 0 0 19 0 0 0 0 0 0 0 0 0 0 0 0 160 0 0 0 0 0 0 0 0 0 0 0 0 0 0 0 0 0 0 3780 0 0 8 0 21
AZ.IF.4 0 0 0 0 0 0 18 0 0 0 0 0 0 0 0 0 0 0 0 0 0 0 0 0 0 7 0 0 0 0 0 0 0 0 0 0 0 0 69 12 0 0 0 0 0 0 0 0 0 0 0 0 0 0 0 0 0 3935 0 0 0 0 0
AZ.PN.5 12 0 0 0 0 0 0 0 0 0 0 0 6 0 0 0 0 0 0 0 3 0 0 0 0 24 6 0 5 0 0 0 4 0 0 12 0 19 2 0 0 0 0 0 0 0 0 8 0 0 0 0 0 0 0 0 0 4554 0 0 0 0 0
AZ.SD.4 0 0 0 0 0 0 2 0 0 0 0 0 0 0 0 0 0 0 0 0 0 0 0 0 0 13 0 0 0 0 0 0 0 0 0 0 0 0 252 11 0 0 0 0 0 0 0 0 0 0 0 0 0 0 0 0 0 3330 0 0 0 0 0
AZ.SM.1 19 0 0 0 0 0 0 0 0 0 0 0 0 0 0 0 0 6 0 0 0 0 0 3 0 37 0 0 0 0 0 0 0 0 0 0 0 0 363 0 0 0 0 5 0 0 0 0 0 0 0 0 0 0 0 0 0 3784 0 0 5 0 4
AZ.SM.3 0 0 0 0 0 0 0 0 0 0 0 0 10 0 0 0 0 0 0 0 0 0 0 0 0 78 7 0 6 0 0 0 0 0 0 2 0 0 363 0 0 0 0 16 0 0 0 0 0 0 0 0 0 0 0 0 0 3539 0 0 0 0 5
AZ.TN.5 7 0 0 0 0 0 0 0 0 0 0 0 18 0 0 0 0 0 0 0 0 0 0 12 0 43 0 0 0 0 0 0 59 0 0 0 0 0 156 0 0 0 0 14 0 0 0 17 0 0 0 0 0 0 0 0 0 3765 0 0 0 0 0
CA.AN.1 0 1 0 0 0 0 0 0 0 0 0 0 38 0 0 0 0 0 0 0 0 0 0 0 0 47 7 0 0 0 13 0 0 0 0 0 0 22 54 0 0 0 0 19 0 0 0 0 0 0 0 0 0 0 0 0 0 4417 0 0 0 0 0
CA.AN.2 0 14 0 0 0 0 0 0 0 0 0 0 0 0 0 0 0 0 0 0 0 0 0 0 0 69 12 6 0 0 17 0 18 0 0 4 0 6 19 0 0 0 0 34 0 0 0 0 8 0 0 0 0 0 0 0 0 4513 0 0 11 7 0
CA.AN.5 0 0 0 4 0 0 0 0 0 0 0 0 0 0 8 0 0 8 0 0 8 0 0 0 0 29 14 0 0 0 36 0 0 0 0 9 0 17 6 6 0 3 0 3 0 0 0 0 0 0 7 0 0 0 0 0 0 4629 0 0 0 6 0
CA.BS.2 0 0 0 0 0 0 0 0 0 0 31 0 20 0 0 0 0 0 0 0 0 0 0 0 0 69 7 0 0 0 0 0 0 0 0 33 0 13 0 0 0 0 0 0 0 0 0 0 0 0 0 0 0 0 0 0 0 4552 0 0 0 0 0
CA.BS.5 0 0 0 0 0 0 0 0 3 0 8 0 0 0 0 0 0 0 0 0 0 0 0 0 0 13 7 0 0 0 0 0 11 0 0 13 0 15 0 0 0 0 0 6 0 0 0 0 0 0 0 0 0 0 0 0 0 4226 0 0 0 0 0
CA.DE.1 0 0 0 0 0 0 0 0 0 0 0 0 0 0 0 0 0 0 0 0 0 0 0 0 0 0 0 0 0 0 0 0 0 0 0 0 0 0 0 0 0 0 0 0 0 0 0 0 0 0 0 0 1 0 0 0 0 1570 0 0 0 0 0
CA.DE.5 3 0 0 0 0 0 0 0 0 0 0 0 0 0 0 0 0 0 0 0 6 0 0 0 0 48 0 4 0 0 0 0 13 0 0 8 0 19 29 12 0 0 0 23 0 0 0 0 0 0 4 0 0 0 0 0 0 3800 0 0 0 0 0
CA.JT.3 0 0 0 0 0 0 0 0 0 0 0 0 0 0 0 0 0 5 0 0 0 0 0 3 0 15 0 0 0 0 0 0 0 0 0 3 0 0 635 0 0 0 0 11 0 0 0 7 0 0 0 0 0 0 0 0 0 3760 0 0 0 0 0
CA.LP.2 0 0 0 0 0 0 0 0 0 0 0 0 0 0 6 0 0 0 0 0 0 0 1 0 0 66 9 6 7 0 0 0 12 0 0 14 0 30 22 7 0 0 0 19 0 0 0 0 0 0 0 3 0 0 0 0 0 4172 0 0 0 0 0
CA.LP.3 0 0 0 0 0 0 0 0 0 0 9 0 49 0 0 0 0 0 0 0 0 0 0 3 0 8 7 0 0 0 0 0 10 0 0 2 0 11 0 0 0 0 0 0 0 0 0 0 0 0 0 0 0 0 0 0 0 4295 0 0 0 0 0
CA.MO.5 0 0 0 0 0 0 0 0 5 0 7 0 91 0 0 0 0 0 0 0 0 0 0 8 0 0 0 0 0 0 4 0 185 0 0 0 0 17 0 0 0 0 0 0 0 0 4 0 0 0 0 0 0 0 0 0 0 3656 0 0 3 0 0
CA.MT.3 12 1 0 0 0 0 0 0 0 0 0 0 0 0 0 0 0 0 0 0 0 0 1 7 0 37 12 0 4 0 10 0 0 0 0 2 0 10 33 0 0 0 0 15 0 0 0 0 0 0 0 0 0 0 0 0 0 4110 0 0 0 0 0
CA.NM.2 0 0 0 0 0 0 0 0 0 0 17 0 3 0 0 0 0 0 0 0 0 0 0 0 0 0 0 0 3 0 0 0 7 0 0 43 0 48 0 0 0 0 2 0 0 0 7 0 0 0 11 0 0 0 0 0 18 4564 6 0 0 0 0
CA.NM.3 0 0 0 0 0 0 0 0 0 0 0 0 29 0 0 0 0 0 0 0 0 0 0 0 0 0 3 0 0 2 0 0 7 0 0 20 0 17 0 0 0 0 0 0 0 0 0 0 0 0 0 0 0 0 0 0 0 4127 0 0 0 0 7
CA.NM.4 4 0 0 0 0 0 0 0 0 0 5 0 22 0 0 0 0 0 0 0 14 0 0 0 0 0 19 0 4 0 0 0 0 0 0 26 0 18 0 0 0 0 0 14 0 0 4 0 0 0 36 0 0 0 0 0 22 4562 0 0 0 0 0
CA.PN.1 0 2 0 0 0 0 0 0 0 2 0 2 16 0 0 0 0 0 0 0 0 0 0 0 0 23 8 0 0 0 17 0 14 10 0 0 0 22 15 0 0 2 0 43 0 0 0 0 0 0 0 6 0 0 0 0 0 4374 0 0 0 0 0
CA.SN.2 0 0 0 0 0 0 0 0 0 1 27 0 44 0 0 0 0 0 0 0 8 0 0 0 0 32 5 0 2 0 13 0 0 0 0 19 0 26 0 0 0 0 4 0 0 0 0 0 0 0 0 0 0 0 0 0 0 4245 0 0 0 0 0
CA.SN.3 0 0 0 0 0 0 0 0 0 1 19 0 44 0 0 0 0 0 0 0 5 0 0 0 0 7 0 0 4 0 11 0 0 0 0 28 0 18 0 0 0 0 0 0 0 0 0 0 0 0 0 0 0 0 0 0 0 4575 0 0 7 0 0
CA.SNP.5 0 0 0 0 0 2 0 0 0 0 24 0 39 0 0 0 0 0 0 0 0 0 0 0 0 28 2 0 0 0 25 0 0 4 0 6 0 7 0 5 0 0 0 0 0 0 0 0 0 0 0 0 0 0 0 0 0 4217 0 0 0 0 0
CA.SR.2 5 6 0 0 0 0 0 0 0 0 5 0 0 0 0 0 0 0 0 0 0 0 0 4 0 69 17 0 11 0 0 0 0 0 0 0 0 6 34 0 0 0 0 33 0 0 0 18 0 0 0 0 0 0 0 0 0 4030 0 0 0 0 0
CA.WM.4 0 0 0 0 0 0 0 0 0 0 0 0 0 0 0 0 0 0 0 0 0 0 0 0 0 37 0 0 0 0 0 0 13 0 0 3 0 16 43 0 0 0 0 0 0 0 0 0 0 0 0 0 0 0 0 0 0 4351 0 0 0 0 0
CA.YN.1 0 0 0 0 0 0 0 0 0 0 58 0 182 0 0 0 0 0 0 0 6 0 0 0 0 0 0 0 0 0 0 0 0 12 0 0 0 0 0 0 0 0 0 0 0 0 0 0 0 0 0 0 0 0 0 0 0 3885 0 0 0 0 0
CA.YNP.2 2 0 0 11 0 0 0 0 0 0 7 0 27 0 11 0 0 4 0 0 9 0 0 0 0 66 25 0 16 0 0 0 0 0 0 23 0 45 0 0 0 0 0 4 0 0 0 0 0 0 0 0 0 0 0 0 3 4417 0 0 0 0 0
CA.YNP.3 0 0 0 0 0 0 0 0 0 0 20 0 2 0 0 0 0 0 0 0 0 0 0 0 0 5 4 0 6 0 13 0 8 0 0 15 0 15 0 0 0 0 0 0 0 0 0 0 0 0 9 0 0 0 0 0 935 3666 0 0 0 0 3
CA.YNP.4 4 0 0 0 0 0 0 0 9 12 16 0 8 0 6 0 0 0 0 0 10 0 2 0 0 15 24 0 11 0 14 0 0 0 0 32 0 32 0 0 0 0 0 3 0 0 4 0 0 0 0 0 0 0 0 0 68 4352 0 0 0 0 0
CO.BL.1 0 0 0 0 0 0 0 0 0 0 0 0 0 0 0 0 0 1 6 0 0 0 1 0 0 19 3 0 0 0 0 0 0 0 0 7 0 13 8 0 0 4 0 116 0 0 0 0 0 0 0 5 0 4 0 0 5 3469 0 0 0 0 0
CO.BL.2 5 0 0 0 0 0 0 0 0 0 0 0 0 0 0 0 0 4 0 0 5 0 0 1 0 24 9 0 0 0 0 0 0 0 0 3 0 5 8 9 0 0 0 52 0 0 0 0 0 0 0 0 0 0 0 0 0 3405 0 0 0 0 0
CO.CS.1 0 0 1 0 0 0 0 0 0 0 0 0 0 7 0 1 0 1 27 0 0 10 0 0 1 14 1 0 0 0 0 0 0 0 0 8 0 18 15 0 0 11 0 89 9 0 0 0 0 6 9 11 0 0 0 0 8 3854 0 0 0 0 0
CO.HM.1 0 0 0 0 0 0 0 0 0 0 0 0 0 0 0 0 0 0 0 0 15 0 0 3 0 94 0 0 0 0 0 0 31 0 0 5 0 20 25 15 0 0 0 0 0 0 0 0 0 0 0 0 0 0 0 0 0 3913 0 0 9 0 0
CO.HM.2 0 0 0 0 0 0 0 0 0 0 0 0 16 0 0 0 0 0 0 0 0 0 0 0 0 57 0 0 0 0 0 0 14 0 0 4 0 9 23 13 0 0 0 10 0 0 0 0 0 0 0 0 0 0 0 0 0 3526 0 0 0 0 0
CO.HM.4 0 0 0 0 3 0 0 0 0 0 0 0 0 0 0 0 0 0 5 0 0 0 0 0 9 44 0 0 0 0 0 0 0 0 0 9 0 15 0 9 0 0 0 0 0 0 0 0 0 0 0 0 0 0 0 0 6 4133 0 0 0 0 0
CO.HM.5 0 0 0 0 0 0 0 0 35 0 0 0 0 3 0 0 6 0 0 0 0 0 0 0 0 36 3 0 0 0 0 0 0 0 0 7 0 6 22 0 0 0 0 15 0 0 0 0 0 0 0 0 0 0 0 0 0 3529 0 0 0 0 0
CO.LP.1 5 0 0 0 0 0 0 0 0 0 0 0 0 0 0 0 0 10 0 0 0 0 0 0 0 31 0 0 0 0 0 0 20 0 0 2 0 0 154 0 0 0 0 0 0 0 0 0 0 0 0 1 0 0 0 0 0 3375 0 0 0 0 0
CO.LP.3 0 0 0 0 0 0 0 0 0 0 0 0 0 0 0 0 0 3 0 0 0 0 0 0 0 29 0 0 0 0 0 0 16 0 0 0 0 3 166 2 0 0 0 0 0 0 0 0 0 0 0 0 0 0 0 0 0 3485 0 0 0 0 0
CO.LS.1 0 0 0 0 0 0 0 0 0 0 0 0 0 0 0 0 0 3 0 0 0 0 0 0 0 7 1 0 0 0 0 0 17 0 0 2 0 6 10 0 0 0 0 45 0 0 0 0 0 0 0 0 0 0 0 0 0 4180 0 0 0 0 0
CO.LS.3 0 2 0 0 0 0 0 0 0 0 0 3 0 0 0 0 0 5 0 0 0 0 0 0 0 5 0 0 0 0 0 0 0 0 0 3 0 0 8 0 0 1 0 53 0 0 0 0 0 0 0 0 0 0 0 0 0 4170 0 0 0 1 0
CO.MV.1 0 0 0 0 0 0 0 0 0 1 0 0 0 0 0 0 0 0 0 0 0 4 0 0 0 37 6 0 0 0 0 0 15 0 0 4 0 8 37 8 0 0 0 59 0 0 0 0 0 1 0 0 0 0 0 0 0 3911 0 0 0 0 0
CO.MV.3 0 0 0 0 0 0 0 0 0 0 0 0 0 0 0 0 0 0 0 0 0 0 0 0 0 31 1 0 0 0 0 0 6 0 0 0 0 4 52 6 0 0 0 61 0 0 0 0 0 0 0 0 0 0 0 0 0 3537 0 0 0 0 0
CO.MV.4 0 0 0 0 0 0 0 0 0 0 0 0 0 0 0 0 0 0 0 0 0 0 0 0 0 0 0 0 0 0 0 0 0 0 0 0 0 0 10 0 0 3 0 0 0 0 0 0 0 0 0 0 0 0 0 0 0 4330 0 0 0 0 0
CO.RNF.2 0 0 0 0 0 0 0 0 0 0 0 0 0 0 0 0 0 0 0 0 0 0 0 0 0 28 30 0 0 0 0 0 21 0 0 11 0 12 14 0 0 0 0 26 0 0 0 0 0 0 5 0 0 0 0 0 0 4056 0 0 0 0 0
CO.RNF.4 0 0 0 5 0 0 0 0 3 0 0 0 0 0 0 0 0 0 0 0 0 0 0 0 0 19 26 0 0 0 0 0 184 0 0 6 0 18 8 0 0 0 0 18 0 0 0 0 0 0 14 0 0 0 0 0 2 3955 0 0 0 0 0
CO.SP.5 0 0 0 0 0 0 0 0 7 0 0 0 0 0 0 0 0 0 0 0 0 0 0 0 0 51 6 0 5 0 0 0 38 0 0 0 0 0 18 12 0 0 0 15 0 0 0 0 0 0 0 0 0 0 0 0 0 3454 0 0 0 0 0
CO.TS.3 0 0 0 0 0 0 0 0 0 0 0 0 0 0 0 0 0 0 0 0 0 0 0 0 0 25 4 0 0 0 0 0 9 0 0 1 0 0 6 0 0 0 0 17 0 0 0 0 0 2 0 0 0 0 0 0 0 3737 0 0 0 0 0
CT.UF.2 6 0 0 0 0 0 0 0 0 6 190 0 106 0 0 0 0 0 0 0 10 0 0 0 0 0 0 0 0 0 0 0 20 0 0 30 0 4 0 0 0 0 0 0 0 0 0 0 0 0 0 11 0 0 0 0 18 4488 6 0 0 0 0
CT.UF.4 1 0 0 0 0 0 0 0 0 0 270 0 240 0 0 0 0 0 0 0 0 0 0 0 0 0 0 0 0 0 0 0 3 0 0 72 0 15 0 0 0 0 0 0 0 0 0 0 0 0 0 0 0 0 0 0 104 4187 2 0 0 0 0
CT.UF.5 0 0 0 0 0 0 0 0 0 0 653 0 301 0 0 0 0 0 0 0 0 0 0 0 0 0 0 0 0 0 0 0 0 0 0 9 0 0 0 0 0 0 0 0 0 0 0 0 0 0 0 0 0 0 0 0 0 3760 0 0 0 0 0
DE.WC.1 0 0 0 0 0 0 0 4 14 11 0 0 48 0 0 0 0 0 0 0 19 0 0 0 0 10 5 0 0 0 0 0 40 0 0 19 0 17 0 7 0 0 0 0 0 0 0 0 0 0 0 0 0 0 0 0 5 4216 6 0 0 0 0
DE.WC.2 9 0 0 0 0 0 0 3 0 10 0 0 66 0 0 0 0 0 0 0 11 0 0 4 0 6 7 0 0 0 8 0 66 0 0 15 0 16 0 0 0 0 0 0 0 0 0 0 0 2 11 10 0 0 0 0 9 4582 19 0 0 0 0
DE.WC.3 0 0 0 0 0 0 0 0 0 0 30 0 45 0 0 0 4 0 0 0 13 0 0 0 0 12 0 0 0 0 40 0 25 0 0 6 0 34 0 0 0 0 0 0 0 0 0 0 0 0 0 0 0 0 0 0 4 4516 3 0 0 0 0
DE.WC.4 10 0 0 0 0 0 0 0 0 4 0 0 35 0 0 0 0 0 0 0 0 0 0 0 0 17 12 0 0 0 36 0 16 0 0 4 0 5 6 0 0 14 0 30 0 0 0 0 0 1 0 0 0 0 0 0 0 4264 0 0 0 0 0
DE.WC.5 0 0 0 0 0 0 0 5 4 10 0 5 34 0 0 0 0 0 0 0 10 0 0 0 0 0 4 0 0 0 6 0 66 0 0 8 0 16 0 0 0 0 0 0 0 0 0 0 0 0 0 4 8 0 0 0 0 4241 24 0 0 0 0
FL.BS.3 0 0 0 0 0 0 0 0 8 0 0 0 73 0 0 0 0 0 1 0 0 0 0 9 0 0 2 0 21 0 0 0 0 0 0 47 0 31 0 0 0 0 0 0 0 0 0 0 0 12 20 0 0 0 0 0 0 4284 0 0 0 0 0
FL.BS.4 14 0 0 0 0 0 0 0 0 0 41 0 149 0 0 0 0 0 0 0 0 0 0 0 0 0 14 0 23 0 0 0 0 0 0 18 0 16 0 0 0 0 0 0 0 0 0 0 0 0 0 0 0 0 0 0 0 4484 4 9 0 0 0
FL.BS.5 14 0 0 0 0 0 0 0 0 0 0 0 110 0 0 0 0 0 5 0 0 0 0 0 0 10 6 0 0 0 0 0 0 0 0 37 0 29 0 0 0 0 0 19 0 0 0 0 0 0 32 0 0 0 0 0 15 4270 5 0 0 0 0
FL.ON.2 14 0 0 0 0 0 0 1 2 0 0 0 11 0 0 0 0 0 0 0 0 0 0 1 0 3 3 0 0 0 0 0 0 0 0 0 0 15 0 0 0 0 0 31 0 1 0 0 0 0 0 0 0 0 0 0 5 3592 0 0 0 0 0
FL.ON.5 0 0 0 0 5 24 0 0 0 0 0 3 188 0 0 0 0 0 0 0 0 0 0 72 0 0 0 0 0 0 0 0 0 0 0 0 0 0 0 0 10 0 9 0 0 0 0 0 0 0 0 0 0 0 0 0 0 3573 11 69 0 0 0
FL.PC.3 13 0 0 0 0 0 0 0 0 0 22 0 35 0 0 0 0 0 0 0 0 0 0 0 0 0 5 0 7 0 0 0 0 0 0 0 0 26 0 0 0 0 0 9 0 0 0 0 0 0 3 6 0 0 0 0 0 3860 6 0 0 19 0
FL.PI.1 0 0 0 0 0 0 0 0 0 0 0 0 44 0 0 0 1 0 0 0 0 0 0 0 0 0 0 0 0 0 0 0 9 0 0 7 0 9 0 0 0 0 0 0 0 0 0 0 0 0 5 0 0 0 0 0 0 4196 8 4 0 0 0
FL.PI.2 8 0 0 0 0 0 0 0 0 0 19 0 30 0 0 0 0 0 0 0 0 0 0 0 0 0 16 0 0 0 2 0 0 0 0 16 0 30 0 0 0 0 0 29 0 0 0 0 0 2 14 10 0 0 0 0 31 3725 0 0 0 14 0
FL.WP.3 0 0 0 0 0 0 0 0 0 0 43 0 206 0 0 0 0 0 0 0 0 0 0 24 0 25 0 0 50 0 0 0 0 0 0 37 0 45 0 0 0 0 0 9 0 0 0 0 0 0 0 0 0 0 0 0 0 4247 0 22 16 0 0
FL.WP.4 20 0 0 0 0 16 0 1 0 0 40 0 108 0 0 0 0 0 0 0 0 0 0 14 0 22 0 0 34 0 0 0 0 0 0 15 0 27 0 0 0 0 0 0 0 0 0 0 0 0 0 0 0 0 0 0 0 3952 6 0 6 0 10
FL.WP.5 0 0 0 0 0 0 0 0 0 0 0 0 0 0 0 0 2 4 0 0 0 0 0 0 0 10 9 0 0 0 0 0 0 0 0 4 0 11 0 9 0 0 0 30 0 3 0 0 0 0 0 0 0 0 0 0 0 3255 0 0 0 0 0
GA.CNF.1 0 0 0 0 0 0 0 0 0 0 185 0 316 0 0 0 0 0 0 0 10 0 0 0 0 0 0 0 0 0 0 0 0 0 0 12 0 36 0 0 0 0 0 0 0 0 0 0 0 0 0 0 0 0 0 0 0 4356 14 0 0 0 0
GA.CNF.2 0 0 0 0 14 0 0 0 0 0 127 0 241 0 0 0 0 0 0 0 0 0 0 0 0 0 0 0 4 0 0 0 0 0 0 34 0 15 0 0 4 0 0 0 0 0 0 0 0 0 0 8 0 0 0 0 18 4443 17 0 0 0 0
GA.CNF.3 0 0 0 0 0 0 0 0 0 0 31 0 42 0 0 0 0 0 0 0 25 0 0 0 0 14 5 0 0 4 12 0 0 0 0 16 0 10 0 0 0 0 0 22 0 0 0 0 0 0 21 14 0 0 0 0 35 4541 2 0 0 0 0
GA.CNF.4 0 0 0 0 0 0 0 0 0 0 215 0 527 0 0 0 0 0 0 0 0 0 0 0 0 0 0 0 0 0 0 0 0 0 0 18 0 49 0 0 0 0 0 0 0 0 10 0 0 0 0 0 0 0 0 0 0 4101 9 0 0 0 0
GA.CNF.5 8 0 0 0 0 0 0 0 0 0 142 0 245 0 0 0 0 0 0 0 12 0 0 0 2 14 0 0 0 0 0 0 0 0 0 35 0 32 0 0 0 0 0 0 0 0 0 0 0 0 0 17 0 0 0 0 9 4389 9 0 0 0 0
GA.RT.1 0 0 0 0 0 0 0 0 0 0 27 0 24 0 0 0 0 0 0 0 7 0 0 0 0 0 11 0 0 0 0 0 0 0 0 20 0 16 0 0 0 0 0 0 0 0 0 0 0 5 0 6 0 0 0 0 0 4786 0 0 0 0 0
GA.RT.2 20 0 0 0 0 0 0 0 0 0 78 0 260 0 0 0 0 0 0 0 14 0 0 0 0 0 0 0 0 0 0 0 0 0 0 29 0 14 0 0 0 0 0 0 0 0 0 0 0 0 0 0 0 0 0 0 0 4499 8 0 0 0 0
GA.RT.3 9 0 0 0 0 7 0 0 0 0 98 0 182 0 0 0 0 0 0 0 24 0 0 2 6 0 0 0 17 0 0 0 0 0 0 30 0 15 0 0 0 0 0 0 0 0 0 0 0 0 0 8 0 0 0 0 0 4461 6 0 0 0 0
GA.RT.4 0 0 0 0 0 0 0 0 0 0 56 0 390 0 0 0 0 0 0 0 0 0 0 0 0 0 0 0 0 0 0 0 0 0 0 3 0 0 0 0 0 0 0 0 0 0 0 0 0 0 0 0 0 0 0 0 0 4330 0 0 0 0 0
GA.RT.5 0 0 0 0 0 0 0 0 0 0 23 0 36 0 0 0 0 0 0 0 0 0 0 0 0 0 0 0 0 2 0 0 0 0 0 24 0 22 0 0 0 0 0 19 14 0 0 0 0 0 27 15 0 0 0 0 0 4666 15 0 0 0 0
GA.SC.2 0 0 0 0 0 0 0 0 0 0 454 0 373 0 0 0 0 0 0 0 12 0 0 0 0 0 0 0 0 0 0 0 0 0 0 4 0 0 0 0 1 0 0 0 0 0 0 0 0 0 0 0 0 0 0 0 0 4021 2 0 0 0 0
GA.SC.3 0 0 0 0 0 0 0 0 0 0 74 0 631 0 0 0 0 0 0 0 0 0 0 0 0 5 0 0 0 0 0 0 0 0 0 0 0 0 0 0 0 0 0 0 0 0 0 0 0 0 0 0 0 0 0 0 0 4178 0 0 0 0 0
GA.SC.4 6 0 0 0 0 0 0 0 0 0 260 0 604 0 0 0 0 0 0 0 24 0 0 0 0 0 0 0 10 0 0 0 0 0 0 9 0 0 0 0 0 0 0 0 0 0 0 0 0 0 0 4 0 0 0 0 0 4001 0 0 0 0 0
GA.SC.5 0 0 0 0 0 0 0 0 0 0 377 0 392 0 0 0 0 0 0 0 0 0 0 0 0 0 0 0 11 0 0 0 0 0 0 8 0 0 0 0 0 0 0 0 0 0 0 0 0 0 0 0 0 0 0 0 0 4040 7 0 0 0 0
GA.SCN.1 0 0 0 0 0 0 0 1 0 0 50 0 119 0 0 0 0 0 0 0 18 0 0 0 0 0 0 0 0 0 0 0 0 0 0 43 0 35 0 0 0 0 0 0 0 0 0 0 0 0 17 15 0 0 0 0 0 4643 0 0 0 0 0
GA.SCN.2 0 0 0 0 0 0 0 0 0 0 12 0 20 0 0 0 0 0 0 0 0 0 0 0 0 0 6 0 0 0 4 0 0 0 0 24 0 21 0 0 0 0 0 0 0 0 0 0 0 0 0 11 0 0 0 0 0 4738 0 0 0 0 0
GA.SCN.3 0 0 0 0 0 0 0 0 0 0 22 0 36 0 0 0 0 0 0 0 19 0 0 9 0 0 5 0 0 3 0 0 44 0 0 29 0 15 0 0 0 0 0 0 4 0 0 0 0 0 11 15 0 0 0 0 0 4604 4 0 0 0 0
GA.SCN.4 6 0 0 0 0 0 0 0 0 0 0 0 33 0 0 0 3 0 0 0 0 0 0 0 0 0 9 0 0 0 0 0 17 0 0 38 0 9 0 0 0 0 0 5 0 0 0 0 0 0 0 6 0 0 0 0 3 4381 0 0 0 0 0
GA.SCN.5 3 0 0 0 0 0 0 0 0 0 24 0 14 0 0 0 0 0 0 0 16 0 0 0 0 0 0 0 8 0 2 0 0 0 0 10 0 21 0 0 0 0 0 0 0 0 0 0 0 0 0 9 0 0 2 0 6 4450 6 0 0 0 0
IA.BC.1 3 0 0 0 0 0 0 0 0 10 0 2 49 0 0 0 0 0 0 0 0 0 0 0 0 15 9 0 0 0 0 0 53 0 0 14 0 15 0 3 0 0 0 13 0 0 0 0 0 0 6 7 0 0 0 0 10 3846 4 0 0 0 0
IA.BC.2 8 0 0 0 0 0 0 3 0 0 0 0 37 0 0 0 0 0 0 0 0 0 0 0 0 0 17 0 0 0 0 0 10 0 0 9 0 13 0 0 0 0 0 10 0 4 0 0 0 0 0 0 0 0 0 0 4 3386 0 0 0 0 0
IA.BC.3 6 0 0 0 0 0 0 6 0 8 0 0 38 0 0 0 0 0 0 0 0 0 0 0 0 13 0 0 0 0 0 0 88 0 0 4 0 15 0 0 0 0 0 0 0 0 0 0 0 0 0 0 0 0 0 0 0 3690 0 0 0 0 0
IA.BC.4 7 0 0 0 0 0 0 0 0 0 0 0 40 0 0 0 0 0 0 0 0 0 0 0 0 14 10 0 0 0 0 0 50 0 0 20 0 17 0 0 0 0 0 1 0 0 0 0 0 0 0 8 0 0 0 0 6 4270 0 0 0 0 0
IA.BC.5 0 0 0 0 0 0 0 0 0 14 0 0 35 0 0 0 0 0 0 0 15 0 0 0 0 20 2 0 0 0 0 0 19 0 0 11 0 14 0 0 0 0 0 0 0 0 0 0 0 0 6 0 0 0 0 0 0 3491 0 0 0 0 0
IA.CB.1 0 0 0 0 0 0 0 0 0 7 5 0 0 0 0 0 0 0 0 0 0 0 0 0 0 8 0 0 0 0 0 0 13 0 0 5 0 22 0 0 0 0 0 0 0 0 0 0 0 0 0 0 0 0 0 0 0 3846 0 0 0 0 0
IA.CB.2 0 0 0 0 0 0 0 0 0 43 0 0 10 0 0 0 0 0 0 0 0 0 0 0 0 16 0 0 0 0 0 0 33 0 0 17 0 0 0 0 0 0 0 0 0 0 0 0 0 0 0 0 0 0 0 0 0 4369 0 0 0 0 0
IA.CB.3 0 0 0 0 0 0 0 0 0 0 0 14 36 0 0 0 0 0 7 0 15 0 0 0 0 16 0 0 0 0 0 0 53 0 0 26 0 0 0 0 0 0 0 0 0 0 0 0 0 0 0 0 0 0 0 0 11 4370 0 20 0 0 0
IA.CB.4 0 0 0 0 0 0 0 7 0 4 0 0 19 0 0 0 0 0 0 0 0 0 0 0 0 9 5 0 0 0 0 0 29 0 0 17 0 20 0 0 0 0 0 0 0 0 0 0 0 5 5 0 0 0 0 0 13 3715 0 0 0 0 0
IA.CB.5 8 0 0 0 0 0 0 0 0 10 0 0 0 0 0 0 0 0 0 0 0 0 0 0 0 9 0 0 0 3 0 0 28 0 0 14 0 30 0 0 0 0 0 0 0 0 0 0 0 0 0 0 0 0 0 0 11 3738 0 0 0 0 0
IA.CS.2 12 0 0 0 0 0 0 5 0 5 0 0 28 0 10 0 0 0 0 0 0 0 0 0 0 0 10 0 0 4 0 0 95 0 0 13 0 21 0 0 0 0 0 0 0 0 0 0 0 0 0 0 0 0 0 0 0 4247 0 0 0 0 0
IA.CS.3 10 0 0 0 0 0 0 0 0 10 0 0 39 0 0 0 0 0 0 0 0 0 0 0 0 8 13 0 1 0 3 0 18 0 0 11 0 22 0 0 0 0 0 9 0 0 0 0 0 0 0 0 0 0 0 0 10 4476 2 0 0 0 0
IA.CS.4 12 0 0 0 0 0 0 0 0 0 0 0 0 0 9 0 0 0 0 0 0 0 0 0 0 0 11 0 0 3 0 0 24 0 0 16 0 10 0 0 0 0 0 0 0 0 0 0 0 0 18 15 0 0 0 0 15 4574 0 0 0 0 0
IA.CS.5 15 0 0 0 0 0 0 0 0 0 0 0 14 0 0 0 0 0 0 0 0 0 0 0 0 9 0 0 0 11 0 0 6 0 0 7 0 22 0 0 0 0 0 0 0 0 0 0 0 1 0 0 0 0 0 0 7 4626 0 0 0 0 0
IA.RR.1 0 0 0 0 0 0 0 0 0 0 0 0 0 0 0 0 0 7 0 0 0 0 0 0 0 18 0 0 0 0 0 0 11 0 0 7 0 11 6 16 0 0 0 58 0 0 0 0 0 0 0 0 0 0 0 0 8 3904 0 0 0 0 0
IA.RR.2 0 0 0 0 0 0 0 0 0 10 0 0 13 0 0 0 0 2 0 0 16 0 0 0 0 0 0 0 0 0 0 0 23 0 0 3 0 12 0 0 0 0 0 0 0 0 0 0 0 0 5 0 0 0 0 0 37 3378 0 0 0 0 0
IA.RR.3 8 0 0 0 0 0 0 0 0 0 0 0 0 0 0 0 0 3 0 0 0 0 0 0 0 18 3 0 0 0 0 0 20 0 0 3 0 17 11 0 0 0 0 46 0 0 0 0 0 0 0 10 0 0 0 0 7 4135 0 0 0 0 0
IA.RR.4 0 0 0 0 0 0 0 0 0 0 0 0 34 0 0 0 0 4 0 0 0 0 0 0 0 31 0 0 0 0 0 0 37 0 0 23 0 8 2 0 0 0 0 16 0 0 0 0 0 0 0 11 0 0 0 0 48 3767 0 0 0 0 0
IA.RR.5 0 0 0 0 0 0 0 0 0 0 0 0 0 0 0 0 0 0 0 0 0 0 0 0 0 15 10 0 0 0 0 0 28 0 0 7 0 23 3 0 0 0 0 23 0 0 0 0 0 0 0 0 0 0 0 0 13 3854 0 0 0 0 0
ID.BD.4 0 0 0 0 0 0 0 0 0 0 0 0 0 0 0 0 0 0 0 0 0 0 0 0 0 26 0 0 0 0 0 0 0 0 0 0 0 15 101 0 0 0 0 7 0 0 0 0 0 0 0 0 0 0 0 0 0 3864 0 0 0 0 0
ID.BN.3 0 0 0 0 0 0 0 0 0 17 19 0 0 0 0 0 0 0 0 0 18 0 0 0 0 0 10 0 0 0 7 0 3 0 0 15 0 17 5 0 0 0 0 0 0 0 3 0 0 0 0 0 0 0 0 0 0 4734 0 0 0 0 0
ID.BN.5 0 0 0 0 0 0 0 0 0 13 15 0 6 0 0 0 0 0 0 0 0 0 0 0 0 15 9 0 0 0 10 0 36 0 0 15 0 4 0 0 0 0 0 5 0 0 0 0 0 0 0 0 0 0 0 0 0 4631 0 0 0 0 0
ID.MN.1 0 0 0 0 0 0 0 0 0 0 0 0 0 0 0 0 0 14 0 0 0 0 0 0 0 39 0 0 0 0 0 0 0 0 0 0 0 18 79 0 0 0 0 22 0 0 0 0 0 0 0 0 0 0 0 0 0 3558 0 0 0 0 0
ID.MN.2 0 0 0 0 0 0 0 0 0 0 0 0 0 0 0 0 0 0 0 0 0 0 0 0 0 35 9 0 0 0 0 0 12 0 0 0 0 16 58 0 0 0 0 9 0 0 0 0 0 0 0 0 0 0 0 0 0 3575 0 0 0 0 0
ID.MN.3 0 0 0 0 0 0 0 0 0 0 0 0 0 0 0 0 0 0 0 0 0 0 0 0 0 39 6 0 0 0 0 0 0 0 0 0 0 8 95 6 0 4 0 12 0 0 0 0 0 0 0 0 0 0 0 0 0 3401 0 0 0 0 0
ID.MN.4 0 0 0 0 0 0 0 0 0 0 0 0 0 0 0 0 0 0 0 0 0 0 0 0 0 50 0 0 0 0 0 0 0 0 0 1 0 5 212 0 0 0 0 24 0 0 0 0 0 0 0 0 0 0 0 0 0 3838 0 0 0 0 0
ID.MN.5 0 0 0 0 0 0 0 0 0 0 0 0 0 0 0 0 0 6 0 0 0 0 0 0 0 125 14 0 0 0 0 0 23 0 0 0 0 10 139 9 0 0 0 4 0 0 0 0 0 0 0 0 0 0 0 0 0 3539 0 0 0 0 0
ID.SFP.3 0 0 0 0 0 0 0 0 92 0 0 0 0 0 0 0 0 0 0 0 13 0 0 0 0 124 17 0 0 0 0 3 0 0 0 6 0 47 13 0 0 0 0 15 0 0 0 0 0 0 0 0 0 0 0 0 0 3759 0 0 0 0 0
ID.SJ.2 2 0 0 0 0 0 0 0 31 7 48 0 32 0 0 0 0 0 0 0 7 0 0 0 0 5 15 0 5 0 12 0 333 0 0 9 0 10 0 0 0 0 0 14 0 0 0 0 0 0 0 2 0 0 0 0 11 4362 0 0 0 0 0
ID.SJ.4 0 0 0 0 0 0 0 0 18 15 10 0 0 0 0 0 0 0 0 0 13 0 0 0 0 0 3 0 0 0 28 0 86 0 0 15 0 17 0 0 0 0 1 0 0 0 0 0 0 0 10 0 0 0 0 0 0 4703 0 0 0 0 0
ID.SJ.5 0 0 0 0 0 0 0 0 0 9 41 0 0 0 7 0 0 0 0 0 17 0 0 0 0 0 8 0 0 0 0 0 69 0 0 17 0 59 0 0 0 0 0 15 0 0 0 0 0 0 0 26 0 0 0 0 53 4547 0 0 0 0 0
IL.CL.1 16 0 0 0 0 0 0 0 0 14 0 8 0 0 0 0 0 0 0 0 0 0 0 0 0 0 5 0 0 0 0 0 0 0 0 23 0 30 0 0 0 0 0 0 0 0 0 0 0 0 16 0 0 0 0 0 0 4582 2 0 0 0 0
IL.CL.2 6 0 0 0 0 0 0 0 8 0 0 1 18 0 8 0 0 0 0 0 0 0 0 0 0 7 0 0 0 0 0 0 43 0 0 17 0 15 0 0 0 0 0 9 0 0 0 0 0 0 0 0 0 0 0 0 0 4119 0 0 0 0 0
IL.CL.3 0 0 0 0 0 0 0 0 0 15 0 0 39 0 0 0 0 0 0 0 4 0 0 0 0 0 6 0 0 4 0 0 207 0 0 22 0 21 0 0 0 0 0 0 0 0 0 0 0 0 0 7 0 0 0 0 8 4428 0 0 0 0 0
IL.CL.4 0 0 0 0 0 0 0 0 0 0 0 0 0 0 0 0 0 0 0 0 0 0 0 0 0 14 0 0 0 0 0 0 0 0 0 13 0 23 0 0 0 0 0 41 0 0 0 0 0 0 0 2 0 0 0 0 0 4768 0 0 0 0 0
IL.CL.5 0 0 0 0 0 0 0 2 15 0 0 0 47 0 0 0 0 0 0 0 0 0 0 6 0 0 0 0 9 0 0 0 192 0 0 11 0 12 0 0 0 0 0 0 0 0 0 0 0 2 0 13 0 0 0 0 2 4542 3 14 0 0 0
IL.KS.1 0 0 0 0 0 0 0 0 0 0 0 0 71 0 0 0 0 0 0 0 0 0 0 0 0 0 0 0 5 0 0 0 30 0 0 39 0 15 0 0 0 0 0 6 0 0 0 0 0 0 0 7 0 0 0 0 0 4686 0 0 0 0 0
IL.KS.2 0 0 0 0 0 0 0 0 0 0 21 0 99 0 0 0 0 0 0 0 0 0 0 0 0 0 0 0 0 0 0 0 32 0 0 18 0 27 0 0 0 0 0 0 0 0 0 0 0 0 0 0 0 0 0 0 0 4524 0 0 0 0 0
IL.KS.3 0 0 0 0 0 0 0 0 0 0 0 0 0 0 0 0 0 0 0 0 0 0 0 0 0 0 3 0 0 0 0 0 0 0 4 6 0 16 0 0 0 0 0 0 0 0 0 0 0 0 0 0 0 0 0 0 0 4679 0 0 0 0 0
IL.KS.4 0 0 0 0 0 0 0 0 0 0 0 0 110 0 0 0 0 0 0 0 0 0 0 0 0 0 0 0 0 0 0 0 0 0 0 15 0 24 0 0 0 0 0 0 0 0 0 0 0 0 0 0 0 0 0 0 0 4760 0 0 0 0 0
IL.KS.5 12 0 0 0 0 0 0 0 0 7 0 0 0 0 0 0 0 0 0 0 0 0 0 0 0 0 0 0 0 0 0 0 13 0 9 15 0 13 0 0 0 0 0 0 0 0 0 0 0 0 7 5 0 0 0 0 13 4506 0 0 0 0 0
IL.LW.1 0 0 0 0 0 0 0 10 7 15 0 0 0 0 0 0 3 0 0 0 0 0 0 0 0 15 0 0 0 0 0 0 0 0 0 13 0 21 0 0 0 0 0 0 0 0 0 0 0 0 0 0 0 0 0 0 60 4112 0 0 0 0 0
IL.LW.2 8 0 0 0 0 0 0 0 0 6 0 0 0 0 0 0 0 0 0 0 3 0 0 0 0 6 4 0 0 0 0 0 0 0 0 13 0 15 0 0 0 0 0 0 0 0 0 0 0 0 0 0 0 0 0 0 0 4357 0 0 0 0 0
IL.LW.3 0 0 0 0 0 0 0 3 0 0 0 0 31 0 0 0 0 0 0 0 10 0 0 0 393 0 4 0 0 0 0 0 12 0 0 11 0 32 0 0 0 0 0 0 0 0 0 0 0 0 0 0 0 0 0 0 7 3985 0 0 0 0 0
IL.LW.4 16 0 0 0 0 0 0 4 0 0 0 0 65 0 0 0 0 0 1 0 18 0 0 0 0 9 2 0 0 0 0 0 19 0 0 28 0 12 0 0 0 0 0 0 0 0 0 0 0 0 0 0 0 0 0 0 7 4292 0 0 0 0 0
IL.LW.5 7 0 0 0 0 0 0 10 0 16 0 0 21 0 0 0 0 0 0 0 15 0 0 0 0 0 0 0 0 0 0 0 41 0 0 12 0 21 0 0 0 0 0 9 0 0 0 0 0 0 0 12 0 0 0 0 22 4159 0 0 0 0 0
IL.PM.1 0 0 0 0 0 0 0 0 0 0 0 0 0 0 0 0 0 3 0 0 0 0 0 0 0 17 0 0 0 0 0 0 25 0 0 8 0 0 0 0 0 0 0 0 0 0 0 0 0 0 9 0 0 0 0 0 0 3838 0 0 0 0 0
IL.PM.2 6 0 0 0 0 0 0 0 0 0 0 0 0 0 0 0 0 0 0 0 0 0 0 0 0 0 0 0 0 0 0 0 0 0 0 14 0 16 0 0 0 0 0 29 0 0 0 0 0 4 0 0 0 0 0 0 11 4320 0 0 0 0 0
IL.PM.3 5 0 0 0 0 0 0 0 0 0 0 0 0 0 0 0 0 0 0 0 0 0 0 0 0 10 4 0 0 0 0 0 0 0 0 27 0 25 0 0 0 0 0 29 0 0 0 0 0 0 12 6 0 0 0 0 23 4365 0 0 0 0 0
IL.PM.4 0 0 0 0 0 0 0 6 1 0 0 0 0 0 4 0 0 0 0 0 0 0 0 0 0 9 0 0 0 0 0 0 0 0 0 10 0 20 0 0 0 0 0 12 0 0 0 0 0 11 5 0 0 0 0 0 0 3426 0 0 0 0 0
IL.PM.5 0 0 0 0 0 0 0 0 0 0 0 0 0 7 0 0 0 0 0 0 0 0 0 0 0 10 0 0 0 0 0 0 0 0 0 15 0 37 0 0 0 0 0 21 0 0 0 0 0 0 0 0 0 0 0 0 4 4137 0 0 0 0 0
IN.EC.1 8 0 0 0 0 0 0 3 0 0 0 0 40 0 0 0 0 0 0 0 0 0 0 0 0 0 5 0 0 0 0 0 26 0 0 14 0 0 0 0 0 0 0 0 9 0 0 0 0 0 0 0 0 0 0 0 20 4206 0 0 0 0 0
IN.EC.2 3 0 0 0 0 0 0 0 0 0 0 0 43 0 0 0 0 0 0 0 14 0 0 0 0 0 4 0 0 0 0 0 34 0 0 11 0 8 0 0 0 0 0 0 0 0 0 0 0 0 0 0 0 0 0 0 0 4513 0 0 0 0 0
IN.EC.3 4 0 0 0 0 0 0 11 0 0 0 0 57 0 0 0 0 0 1 0 20 0 0 0 0 10 0 4 0 0 0 0 53 0 0 22 0 13 0 0 0 0 0 5 0 0 0 0 0 0 13 0 0 0 0 0 7 4588 0 0 0 0 0
IN.EC.5 0 0 0 0 0 0 0 0 0 0 17 5 59 0 0 0 0 0 0 0 14 0 0 0 0 3 3 0 0 0 0 0 56 0 0 31 0 23 0 0 0 0 0 0 0 0 0 0 0 0 0 15 0 0 0 0 18 4682 3 0 0 0 0
IN.RH.1 0 0 0 0 0 0 0 0 0 0 0 0 76 0 0 0 0 0 0 0 0 0 0 0 0 0 5 0 0 0 0 0 5 0 0 19 0 22 0 0 0 0 0 0 0 0 0 0 0 0 11 0 0 0 0 0 0 4608 0 0 0 0 0
IN.RH.2 0 0 0 0 0 0 0 0 5 0 0 0 0 0 0 0 0 0 0 0 0 0 0 0 0 10 4 0 0 0 0 0 0 0 0 19 0 0 0 0 0 0 0 6 0 0 0 0 2 0 0 0 0 0 0 0 9 4107 0 0 0 0 0
IN.RH.3 0 0 0 0 0 0 0 1 0 6 0 0 54 0 0 0 0 0 1 0 13 0 0 0 0 0 5 0 0 0 0 0 50 0 0 19 0 11 0 0 0 0 0 0 0 0 0 0 0 0 0 8 0 0 0 0 0 4617 8 0 0 0 0
IN.RH.4 0 0 0 0 0 0 0 0 0 0 34 0 81 0 0 0 0 0 0 0 16 0 0 0 0 0 0 0 0 0 0 0 23 0 0 43 0 19 0 0 0 0 0 0 0 0 0 0 0 0 0 22 0 0 0 0 9 4683 0 0 0 0 0
IN.RH.5 0 0 0 0 0 0 0 8 0 4 0 0 33 0 0 1 0 0 1 0 8 0 0 0 0 0 8 0 0 0 0 0 32 0 0 14 0 12 0 0 0 0 0 6 0 0 0 0 0 0 2 9 0 0 0 0 0 3867 0 0 0 0 0
IN.SS.1 0 0 0 0 0 0 0 0 0 0 0 0 61 0 10 0 0 0 0 0 0 0 0 0 0 6 0 0 0 0 0 0 18 0 0 17 0 19 0 0 0 0 0 0 0 0 0 0 0 0 0 1 0 0 0 0 0 4554 0 0 0 0 0
IN.SS.2 0 0 0 0 0 0 0 0 0 0 13 0 105 0 0 0 0 0 0 0 6 0 0 0 0 0 2 0 0 0 0 0 15 0 0 31 0 10 0 0 0 0 0 0 0 0 0 0 0 0 0 20 0 0 0 0 54 4705 0 0 0 0 0
IN.SS.3 0 0 0 0 0 0 0 0 0 0 0 0 62 0 0 0 0 0 1 0 7 0 0 0 0 0 6 0 0 0 0 0 23 0 0 16 0 14 0 0 0 0 0 0 0 0 0 0 0 0 12 7 0 0 0 0 0 4543 0 0 0 0 0
IN.SS.4 13 0 0 0 0 0 0 0 0 11 0 0 61 0 0 0 0 0 0 0 12 0 0 0 0 0 0 0 0 0 0 0 40 0 0 15 0 10 0 0 0 0 0 0 0 0 0 0 0 0 35 7 0 0 2 0 24 4547 8 0 0 0 0
IN.SS.5 0 0 0 0 0 0 0 6 0 0 13 0 73 0 0 0 0 0 0 0 21 0 0 0 0 0 5 0 0 0 0 0 5 0 0 41 0 21 0 0 0 0 0 0 0 0 0 0 0 0 10 20 0 0 0 0 19 4697 7 0 0 0 0
IN.TR.1 0 0 0 0 0 0 0 0 2 0 31 0 33 0 0 0 0 0 0 0 0 0 0 0 0 0 0 0 0 0 0 0 87 0 0 29 0 38 0 0 0 0 0 23 0 0 0 0 0 0 0 12 0 0 0 0 32 4520 13 0 0 0 0
IN.TR.2 0 0 0 0 0 0 0 2 0 11 117 0 183 0 0 0 0 0 0 0 19 0 0 1 0 0 0 0 0 0 0 0 0 0 0 0 0 0 0 0 0 0 0 0 0 0 0 0 0 0 0 0 1 0 0 0 10 4453 0 0 0 0 0
IN.TR.3 2 0 0 0 0 0 0 5 0 0 0 0 0 0 0 0 0 0 0 0 0 0 0 0 0 5 10 5 0 4 0 0 0 0 0 14 0 18 0 0 0 0 0 10 0 0 0 0 0 0 12 9 0 0 0 0 29 4481 0 0 0 0 0
IN.TR.4 0 0 0 0 0 0 0 0 0 0 108 0 70 0 0 0 0 0 0 0 24 0 1 0 0 1 0 0 0 0 0 0 0 0 0 53 0 34 0 0 0 0 0 0 0 0 3 0 0 0 0 13 0 0 0 0 73 4553 10 0 0 0 0
IN.TR.5 6 0 0 0 0 0 0 5 0 1 25 0 69 0 12 0 0 0 23 0 9 0 0 0 0 7 5 6 0 0 0 0 122 0 0 35 0 17 0 0 0 0 0 0 0 0 0 0 0 3 41 18 0 0 0 0 11 4302 0 0 0 0 0
IN.WM.1 8 0 0 0 0 0 0 7 0 0 0 0 30 0 0 0 0 0 0 0 0 0 0 0 0 0 1 0 0 0 0 0 12 0 6 6 0 13 0 0 0 0 0 13 0 0 0 0 0 13 0 0 0 0 0 0 5 4164 0 0 0 0 0
IN.WM.2 0 0 0 0 0 0 0 0 0 0 29 0 50 0 0 0 0 0 2 0 19 0 1 0 0 0 0 0 0 0 0 0 18 0 0 38 0 15 0 0 0 0 0 0 0 0 0 0 0 0 0 27 0 0 0 0 28 4654 8 0 0 0 0
IN.WM.3 6 0 0 0 0 0 0 0 0 0 0 0 1 0 0 5 0 0 0 0 0 0 0 0 0 5 4 0 0 0 0 0 0 0 0 11 0 9 0 0 0 0 0 8 0 0 0 0 0 8 0 11 0 0 0 0 7 4516 0 0 0 0 0
IN.WM.4 6 0 0 0 0 0 0 0 0 0 46 0 69 0 0 0 0 0 0 0 0 0 0 0 0 0 3 0 16 7 0 0 33 0 0 37 0 20 0 0 0 0 0 0 0 0 0 0 0 0 0 7 0 0 0 0 0 4575 3 0 0 0 0
IN.WM.5 0 0 0 0 0 0 0 3 0 0 0 0 40 0 5 5 0 0 0 0 9 0 0 0 0 0 1 0 0 0 0 0 19 0 0 22 0 12 0 0 0 0 0 0 0 0 0 0 0 0 0 9 0 0 0 0 5 4201 0 0 0 0 0
KS.MS.2 0 0 2 6 0 0 0 0 0 0 0 0 6 0 2 0 0 0 0 1 13 0 0 0 0 34 3 0 0 0 0 0 6 0 16 25 0 19 0 0 0 0 0 18 0 0 0 0 0 0 0 5 0 0 0 0 5 3967 0 0 0 0 0
KS.MS.5 0 0 0 0 0 0 0 0 12 0 0 0 15 0 9 0 0 0 0 0 16 0 0 0 0 14 0 0 0 0 0 0 117 0 0 21 0 28 0 0 0 0 0 0 0 0 0 0 0 0 0 0 0 0 0 0 17 4369 0 0 0 0 0
KY.RR.1 17 0 0 0 0 0 0 0 0 0 46 0 107 0 3 0 0 0 0 0 9 0 7 0 0 0 5 0 0 4 0 0 30 0 0 32 0 45 0 0 0 0 0 3 0 0 6 0 0 0 39 19 0 0 0 0 20 4552 8 0 0 0 0
KY.RR.2 0 0 0 0 0 0 0 0 0 0 622 0 277 0 4 0 0 0 0 0 13 0 0 0 0 2 0 4 3 0 0 0 0 0 0 41 0 37 0 0 0 0 0 0 0 0 7 0 0 0 6 16 0 0 0 0 16 3771 15 0 0 0 8
KY.RR.3 0 0 0 0 0 0 0 0 3 0 263 0 230 0 5 0 0 0 0 0 10 0 0 0 0 0 0 0 0 0 0 0 0 0 0 29 0 34 0 0 0 0 0 0 0 0 2 0 0 0 8 7 0 0 0 0 10 4329 1 0 0 0 0
KY.RR.4 0 0 0 0 0 2 0 0 0 0 389 0 355 0 0 0 0 0 0 0 7 0 0 0 0 0 0 0 2 0 0 0 0 0 0 11 0 15 0 0 0 0 0 0 0 0 0 0 0 0 0 0 0 0 0 0 3 4071 6 0 0 0 0
KY.RR.5 0 0 0 0 0 0 0 0 6 0 464 0 192 0 0 0 0 0 0 0 22 0 0 0 0 0 0 5 4 0 0 0 0 0 0 21 0 71 0 0 0 0 0 5 0 0 20 0 0 0 12 27 0 0 0 0 46 4037 0 0 0 0 8
LA.AN.1 11 0 0 0 0 0 0 0 0 0 0 0 0 0 0 0 0 0 0 0 0 0 0 0 0 0 0 0 0 0 0 0 0 0 0 6 0 13 0 0 0 0 0 0 0 0 0 0 0 0 0 6 0 0 0 0 0 3314 0 0 0 0 0
LA.AN.2 6 0 0 0 0 0 0 0 18 0 0 0 30 0 0 0 0 0 10 0 5 0 0 0 0 4 0 0 0 0 0 0 8 0 0 13 0 13 0 0 0 0 0 9 0 0 0 0 0 0 7 3 0 0 0 0 0 3774 0 0 0 0 0
LA.AN.3 0 0 0 0 0 0 0 0 0 0 0 0 27 0 8 0 0 0 0 0 0 0 0 0 0 10 0 0 0 0 0 0 3 0 0 12 0 20 0 0 0 0 0 0 0 0 0 0 0 1 8 3 0 0 0 0 16 3555 0 0 0 0 0
LA.AN.4 10 0 0 0 0 0 0 0 0 0 0 5 10 0 3 0 0 0 0 0 5 0 0 0 2 0 0 0 0 1 0 0 11 0 0 7 0 16 0 0 0 0 0 11 0 0 0 0 0 0 3 6 0 0 0 0 18 3695 0 0 0 0 0
LA.AN.5 0 0 0 0 0 0 0 0 0 2 0 0 18 0 11 0 0 0 0 0 0 0 0 0 0 0 0 0 0 0 0 0 30 0 0 8 0 32 0 0 0 0 0 0 0 0 0 0 0 0 0 3 0 0 0 0 0 3632 0 0 0 0 0
LA.HN.1 0 0 0 0 0 0 2 0 0 0 724 0 127 0 0 0 0 0 0 0 0 0 0 3 0 0 0 0 0 0 0 0 0 0 0 11 0 15 0 0 0 0 0 0 0 0 0 0 0 0 0 2 0 0 0 0 0 4020 8 0 0 0 0
LA.HN.2 8 0 0 0 0 0 0 0 0 0 62 6 106 0 4 0 0 0 0 0 0 0 0 0 0 0 0 0 4 0 3 0 0 0 0 15 0 19 0 0 0 0 0 5 0 0 0 0 0 0 0 24 0 0 0 0 0 4554 0 0 0 0 0
LA.HN.3 7 0 0 0 0 0 0 0 0 0 17 0 0 0 0 0 0 0 0 0 0 0 0 10 0 0 0 0 0 0 0 0 77 0 0 0 0 0 0 0 3 0 0 0 0 0 0 0 0 0 0 0 0 0 0 0 0 4350 2 78 0 0 0
LA.HN.4 9 0 0 0 0 10 0 0 0 0 123 0 138 0 8 0 0 0 0 0 2 0 0 4 0 0 0 0 0 0 0 0 15 0 0 7 0 27 0 0 7 0 0 0 0 0 0 0 0 0 0 9 0 0 0 0 0 4495 0 0 0 0 0
LA.HN.5 0 0 0 0 0 0 0 0 0 0 210 0 103 0 0 0 0 0 0 0 0 0 0 6 0 0 0 0 0 0 0 0 0 0 0 21 0 36 0 0 0 0 0 0 0 0 0 0 0 0 6 7 0 0 0 0 11 4523 0 2 0 0 0
LA.JW.1 7 0 0 0 0 0 0 0 0 0 0 6 0 0 0 0 0 0 0 0 0 0 0 0 0 0 0 0 0 0 0 0 10 0 0 14 0 25 0 0 0 0 0 10 0 0 0 0 0 0 0 8 0 0 0 0 11 3876 0 0 0 0 0
LA.LO.1 10 0 0 0 0 0 0 0 0 0 0 1 20 0 9 0 0 0 0 0 0 0 0 0 0 0 1 0 0 0 0 0 42 0 0 11 0 9 0 0 0 0 0 1 0 0 0 0 0 0 0 6 0 0 0 0 0 3847 0 0 0 0 0
LA.LO.2 0 0 0 0 0 0 0 0 0 0 0 0 11 0 0 0 0 0 0 0 0 0 0 0 0 0 0 0 0 0 0 0 28 0 0 5 0 12 0 0 0 0 0 2 0 0 0 0 0 1 0 8 0 0 0 0 0 3700 0 0 0 0 0
LA.LO.3 6 0 0 0 0 0 0 0 0 0 3 0 0 0 0 0 0 0 0 0 0 0 0 0 0 5 2 0 11 0 0 1 43 0 0 3 0 28 0 0 0 0 0 0 0 0 0 0 0 0 0 5 0 0 0 0 0 3827 0 0 4 0 0
LA.LO.4 0 0 0 0 0 0 0 0 0 0 0 11 0 0 0 0 0 0 0 0 34 0 0 0 0 0 0 0 13 0 0 0 16 0 0 14 0 29 0 0 0 0 0 0 0 0 0 0 0 0 9 12 0 0 0 0 0 4132 0 0 0 0 0
LA.LO.5 13 0 0 0 0 0 0 0 0 0 0 0 18 0 0 0 0 0 0 0 11 0 0 0 0 0 0 0 18 0 0 0 20 0 0 0 0 31 0 0 0 0 0 0 0 0 0 0 0 0 0 6 0 0 0 0 0 4104 0 0 0 0 0
LA.TH.1 21 0 0 0 0 0 0 0 0 0 49 0 38 0 0 0 0 0 0 0 0 0 0 0 0 8 4 0 12 0 0 0 32 0 0 26 0 50 0 0 0 0 0 11 0 0 0 0 0 0 0 13 0 0 0 0 10 4527 0 0 0 0 0
LA.TH.2 6 0 0 0 0 0 0 0 0 0 0 4 0 0 0 0 0 7 0 0 0 0 0 0 0 0 10 0 0 2 0 0 0 0 0 9 0 21 0 0 0 0 0 55 0 0 0 0 0 0 0 8 0 0 0 0 7 4250 0 0 0 0 0
LA.TH.4 12 0 0 0 0 0 0 0 0 0 20 0 60 0 2 0 0 0 0 0 0 0 0 0 0 0 7 0 15 0 0 0 0 0 0 25 0 16 0 0 0 0 0 11 0 0 0 0 0 0 5 16 0 0 0 0 4 4689 4 0 0 0 0
LA.TH.5 6 0 0 0 0 0 0 0 0 0 18 0 88 0 6 0 0 0 0 0 0 0 0 0 0 6 7 0 14 0 0 0 0 0 0 26 0 24 0 0 0 0 0 16 0 0 0 0 0 0 0 11 0 0 0 0 0 4653 0 0 0 0 0
MA.BW.1 0 0 0 0 0 0 0 0 0 4 78 0 71 0 0 0 0 0 0 0 0 0 0 3 0 0 0 0 0 0 0 0 0 0 0 6 0 0 0 0 0 0 0 0 0 0 0 0 0 0 0 0 0 0 0 0 0 4202 39 0 0 0 6
MA.BW.2 16 0 0 0 0 0 0 0 0 0 60 0 69 0 0 0 0 0 2 0 0 0 0 0 0 0 24 0 10 0 0 0 18 0 0 8 0 32 0 0 0 0 0 11 0 0 0 0 0 0 0 0 0 0 0 0 0 4262 0 0 0 0 0
MA.BW.3 0 0 0 0 0 0 0 0 0 0 388 0 317 0 0 0 0 0 0 0 5 0 0 0 0 0 0 0 0 0 0 0 0 0 0 0 0 0 0 0 0 0 0 0 0 0 0 0 0 0 0 0 0 0 0 0 0 3958 0 0 0 0 0
MA.BW.4 0 0 0 0 0 0 0 0 0 0 409 0 146 0 0 0 0 0 0 0 0 0 0 0 0 0 0 0 0 0 0 0 0 3 0 0 0 0 0 0 0 0 0 0 0 0 0 0 0 0 0 0 0 0 0 0 0 4343 0 0 0 0 0
MD.AEC.1 0 0 0 0 0 0 0 0 6 0 291 0 386 0 0 0 0 0 0 0 0 0 0 0 0 0 0 0 0 0 0 0 0 0 0 0 0 0 0 0 30 0 0 0 0 0 0 0 0 0 0 0 0 0 0 0 0 4169 0 0 0 0 10
MD.AEC.4 0 0 0 0 0 0 0 0 0 0 0 15 18 0 0 0 0 0 0 0 17 0 0 0 0 0 0 0 0 0 0 0 0 0 0 6 0 0 0 0 0 0 0 0 0 0 0 0 0 233 175 0 0 0 0 0 95 3973 4 0 0 0 0
MD.AEC.5 0 0 0 0 0 0 0 0 0 0 509 0 352 0 0 0 0 0 0 0 0 0 0 0 0 0 0 0 0 0 0 0 0 0 0 0 0 0 0 0 0 0 0 0 0 0 0 0 0 0 0 0 0 0 0 0 0 3952 0 0 0 0 0
MD.AEC.6 5 0 0 0 0 0 0 0 0 0 17 0 23 0 0 0 0 0 5 0 15 0 0 0 0 0 6 0 0 0 5 0 0 0 0 17 0 21 0 0 0 0 0 0 0 0 0 0 0 0 0 8 0 0 0 0 14 4618 0 0 0 0 0
MD.AEC.7 26 0 0 0 0 7 0 1 0 0 132 0 38 0 0 0 0 0 2 0 14 0 0 8 0 0 0 0 0 0 0 0 0 0 0 30 0 61 0 0 0 0 0 0 0 0 0 0 0 0 0 14 0 0 0 0 4 4517 9 0 0 0 0
MD.SERC.1 0 0 0 0 0 0 0 3 9 0 124 0 66 0 0 0 0 0 0 0 11 0 0 0 0 0 0 0 0 0 0 0 46 0 0 16 0 28 0 0 0 0 0 0 0 0 0 0 0 0 2 5 0 0 0 0 0 4601 11 1 0 0 0
MD.SERC.2 0 0 0 0 0 0 0 5 0 0 52 0 37 0 0 0 0 0 1 0 0 0 0 0 0 0 2 0 0 0 0 0 129 0 0 17 0 25 0 0 0 0 0 0 0 0 0 0 1 0 0 10 0 0 0 0 18 4576 7 0 0 0 0
MD.SERC.3 0 0 0 0 0 0 0 0 0 0 15 0 35 0 0 0 0 0 0 0 22 0 0 0 0 0 0 0 0 0 0 0 11 0 0 16 0 20 0 0 0 0 0 0 0 0 2 0 0 0 0 25 0 0 0 0 0 4666 0 0 0 0 0
MD.SERC.4 0 0 0 0 0 0 0 0 0 0 100 0 120 0 0 0 0 0 0 0 13 0 0 8 0 0 0 0 0 0 0 0 0 0 0 14 0 17 0 0 0 0 0 0 0 0 0 0 0 0 0 3 0 0 0 0 0 4586 25 3 0 0 1
MD.SERC.5 0 0 0 0 0 0 0 0 31 0 160 0 576 0 11 0 0 0 0 0 0 0 0 0 0 0 0 0 0 0 0 0 28 0 0 0 0 0 0 0 0 0 0 0 0 0 0 0 0 0 0 0 0 0 0 0 0 4038 0 0 0 0 0
ME.BC.2 5 0 0 0 0 0 0 0 0 0 245 0 60 0 0 0 0 0 0 0 0 0 0 0 0 0 1 0 0 0 0 0 3 0 0 39 0 0 0 0 0 0 0 0 0 0 4 0 0 0 0 0 0 0 0 0 0 4484 5 0 0 0 0
ME.CB.1 0 0 0 0 0 0 0 0 0 0 635 0 549 0 0 0 0 0 0 0 0 0 0 0 0 0 0 0 0 0 0 0 0 0 0 0 0 0 0 0 0 0 0 0 0 0 0 0 0 0 0 0 0 0 0 0 0 3690 0 0 0 0 0
ME.CB.2 0 0 0 0 0 0 0 0 0 0 506 0 395 0 0 0 0 0 0 0 0 0 0 0 0 0 0 0 0 0 0 0 4 0 0 0 0 0 0 0 0 0 0 0 0 0 0 0 0 0 0 0 0 0 0 0 19 3851 0 0 0 0 0
ME.CB.3 0 0 0 0 0 0 0 0 0 0 332 0 214 0 0 0 0 0 0 0 0 0 0 0 0 0 0 0 0 0 0 0 0 5 0 2 0 0 0 0 0 0 0 0 0 0 0 0 0 0 0 0 0 0 0 0 0 4312 0 0 0 0 0
ME.CB.5 0 0 0 0 7 0 0 0 0 22 132 0 67 0 5 0 0 0 0 0 0 0 0 0 0 0 0 0 0 0 0 0 0 0 0 0 0 0 0 0 0 0 0 0 0 0 0 0 0 0 0 0 0 0 0 0 0 4651 0 0 0 0 0
ME.PF.1 0 0 0 0 0 36 0 0 0 1 620 0 224 0 0 0 0 0 0 0 8 0 0 0 0 0 0 0 0 0 0 0 0 16 0 17 0 0 0 0 0 0 0 0 0 0 0 0 0 0 0 0 0 0 0 0 17 3914 0 0 0 11 0
ME.PF.2 0 0 0 0 0 0 0 0 0 8 178 0 135 0 7 0 0 0 0 0 15 0 0 0 0 0 0 0 0 0 0 0 0 0 0 40 0 0 0 0 0 0 0 0 0 0 0 0 0 0 8 0 0 0 0 0 20 4456 0 0 0 0 0
ME.SM.1 0 0 0 0 0 0 0 0 0 8 217 0 65 0 0 0 0 0 0 0 9 0 0 0 0 0 0 0 0 0 0 0 0 0 0 8 0 0 0 0 0 0 6 0 0 0 0 0 0 0 0 0 0 0 0 0 0 4603 0 0 0 0 0
ME.SM.2 0 0 0 0 0 25 0 0 0 8 408 0 130 0 0 0 0 0 0 0 6 0 0 0 0 0 0 0 0 0 0 0 15 0 0 0 0 8 0 0 0 0 6 0 0 0 0 0 0 0 0 0 0 0 0 0 0 4190 13 0 0 3 0
ME.SM.5 0 0 0 0 0 0 0 0 0 2 214 0 197 0 0 0 0 0 0 0 7 0 0 0 0 0 0 0 0 0 0 0 13 0 0 39 0 0 0 0 0 0 0 0 0 0 0 0 0 0 0 8 0 0 0 0 0 4465 0 0 0 0 0
ME.WN.2 0 0 0 0 0 0 0 0 0 1 366 0 162 0 0 0 0 0 0 0 0 0 0 0 0 0 0 0 0 0 0 0 11 0 0 24 0 0 0 0 0 0 0 0 0 0 0 0 0 0 0 0 0 0 0 0 0 4333 9 0 0 0 0
ME.WN.5 0 0 0 0 0 0 0 0 0 5 121 0 56 0 0 0 0 0 0 0 0 0 0 0 0 0 0 0 0 0 0 0 23 0 0 0 0 16 0 0 0 0 0 0 0 0 0 0 0 0 0 0 0 0 0 0 2 4675 8 0 0 0 0
MI.CN.1 0 0 0 0 0 0 0 0 0 0 207 0 56 0 0 0 0 0 0 0 12 0 0 0 0 0 0 0 0 0 0 0 14 0 0 28 0 0 0 0 0 0 0 0 0 0 0 0 0 0 0 4 0 0 0 0 21 4509 0 0 0 0 0
MI.CN.5 0 0 0 0 0 0 0 0 0 2 89 0 70 0 0 0 0 0 0 0 6 0 0 2 0 0 0 0 0 0 0 0 0 0 0 49 0 9 0 0 0 0 0 0 0 0 0 0 0 0 0 5 0 0 0 0 5 4589 15 0 0 0 2
MI.HN.2 0 0 0 0 0 23 0 0 0 0 300 0 169 0 8 0 0 0 0 0 0 0 0 0 0 0 0 0 0 0 0 0 0 0 0 5 0 0 0 0 0 0 0 0 0 0 26 0 0 0 0 0 0 0 0 0 0 4365 0 0 0 0 0
MI.HN.4 0 0 0 0 10 0 0 0 0 1 142 0 138 0 0 0 0 0 0 0 14 0 0 0 0 0 0 0 0 0 0 0 0 0 0 36 0 20 0 0 0 0 0 0 0 0 7 0 0 0 17 0 0 0 0 0 25 4417 4 0 0 0 0
MI.HN.5 0 0 0 0 0 0 0 0 0 0 52 0 164 0 0 0 0 0 0 0 8 0 0 0 0 0 0 0 1 0 0 0 0 0 0 52 0 0 0 0 0 0 0 0 0 0 13 0 0 0 0 0 0 0 0 0 0 4604 0 0 0 0 0
MI.MS.1 0 0 0 0 0 0 0 0 0 5 14 0 84 0 0 0 0 0 0 0 0 0 1 0 0 6 11 0 0 0 0 0 12 0 0 20 0 26 0 0 0 0 0 24 0 0 0 0 0 1 0 2 0 0 0 0 0 4618 0 6 0 0 0
MI.MS.2 0 0 0 0 0 0 0 2 7 9 11 0 45 0 10 0 0 0 0 0 0 0 0 0 0 4 11 0 0 0 0 0 11 0 0 16 0 118 0 0 0 0 0 19 0 0 0 0 0 0 11 16 0 0 0 0 16 4515 8 0 0 7 0
MI.MS.3 0 0 0 0 0 0 0 0 0 6 8 0 54 0 0 0 0 0 0 0 0 0 0 0 0 0 22 5 0 0 0 3 10 0 0 13 0 36 0 0 0 0 0 13 0 1 0 0 0 0 0 8 0 0 0 0 12 4721 0 0 0 0 0
MI.MS.4 6 0 0 0 0 0 0 0 0 10 8 0 57 0 0 0 0 0 0 0 12 0 0 0 0 0 9 2 0 0 0 0 25 0 0 23 0 17 0 0 0 0 0 3 0 45 0 0 0 0 20 11 0 0 0 0 32 4576 3 0 0 0 0
MI.MS.5 2 0 0 5 0 0 0 0 0 7 25 0 36 0 0 0 0 5 13 0 14 0 0 3 0 7 17 0 0 0 0 0 15 0 0 16 0 22 0 0 0 0 0 13 0 0 0 0 0 0 20 11 0 0 0 0 8 4253 0 0 0 0 0
MI.MSP.4 0 0 0 0 0 15 0 0 0 0 409 0 12 0 0 0 0 0 0 0 14 15 0 0 0 5 4 0 0 0 23 0 0 0 0 8 0 61 0 0 0 0 11 0 0 0 51 0 0 3 14 21 0 0 0 0 101 3918 0 0 0 9 0
MI.PR.1 0 0 0 0 0 0 0 0 0 0 19 0 97 0 0 0 0 0 0 0 16 0 0 0 0 0 0 0 0 0 0 0 0 0 0 32 0 0 0 0 0 0 0 1 0 0 0 0 0 0 0 22 0 0 0 0 5 4685 0 0 0 0 7
MI.PR.2 7 0 0 0 0 0 0 0 0 0 10 0 57 0 0 0 0 0 1 0 10 0 7 0 0 0 26 8 0 0 0 0 0 0 0 37 0 31 0 0 0 0 0 8 0 0 0 0 0 7 47 6 0 0 0 0 24 4505 0 0 0 0 0
MI.PR.3 0 0 0 0 0 0 0 0 0 0 137 0 4 0 0 0 0 0 0 0 0 0 0 0 0 0 0 0 0 0 0 0 0 17 0 14 0 0 0 0 18 0 0 0 0 0 0 0 0 0 0 0 0 0 0 0 0 4662 0 0 0 0 0
MI.PR.4 0 0 0 0 0 0 0 0 0 3 8 0 64 0 0 0 0 0 0 0 10 4 0 0 0 0 0 0 0 0 0 0 0 0 0 32 0 17 0 0 0 0 0 0 0 0 0 0 0 0 0 9 7 0 0 0 58 4664 0 0 0 0 0
MI.PR.5 0 0 0 0 0 0 0 0 0 0 584 0 186 0 0 0 0 0 0 0 0 0 0 0 0 0 0 0 0 0 0 0 0 44 0 10 0 0 0 0 7 0 0 0 0 0 4 0 0 0 0 0 0 0 0 0 0 4075 0 0 0 4 0
MN.BE.1 9 0 0 0 0 0 0 0 0 5 0 0 0 0 0 0 0 0 0 0 0 0 0 0 0 20 7 0 0 0 0 0 0 0 0 16 0 17 0 0 0 0 0 39 0 0 0 0 0 0 0 0 0 0 0 0 4 3605 0 0 0 0 0
MN.BE.2 7 0 0 0 0 0 0 0 0 0 0 0 0 0 0 0 0 0 0 0 0 0 0 0 0 27 7 0 0 0 0 0 0 0 0 22 0 42 0 0 0 0 0 67 0 0 0 0 0 0 0 0 0 0 0 0 30 4021 0 0 0 0 0
MN.BE.3 1 0 5 0 0 0 0 0 0 10 0 0 0 0 0 0 0 0 0 5 0 0 0 0 0 18 5 0 0 0 0 0 0 0 0 42 0 41 0 0 0 0 0 0 0 0 0 0 0 4 0 19 0 0 0 0 217 4250 0 0 0 23 0
MN.BE.4 0 0 0 0 0 0 0 0 0 18 0 0 0 0 0 0 0 12 0 0 0 0 0 0 0 7 0 8 0 0 0 0 0 0 0 17 0 8 0 0 0 0 0 49 0 0 0 0 0 0 15 0 7 5 0 0 0 4336 0 0 0 9 0
MN.BR.1 4 0 0 0 0 0 0 0 0 6 0 0 62 0 0 0 0 7 0 0 0 0 0 0 0 13 10 0 0 0 0 0 30 0 0 6 0 21 0 0 0 0 0 29 0 9 0 0 0 0 15 0 0 0 0 0 9 4210 0 0 0 0 0
MN.BR.2 3 0 0 0 0 0 0 0 9 0 0 0 0 0 0 0 0 0 0 0 0 0 0 0 0 37 31 0 0 0 0 0 45 0 0 11 0 13 0 15 0 0 0 23 0 0 0 0 0 0 0 0 0 0 0 0 0 3888 0 0 0 0 0
MN.BR.3 11 0 0 0 0 0 0 0 0 0 0 0 15 0 7 0 0 0 0 0 0 0 0 0 0 29 11 0 0 0 0 0 17 0 0 21 0 22 0 0 0 0 0 20 0 0 0 0 0 0 0 17 0 0 0 0 0 3916 0 0 0 0 0
MN.BR.4 3 0 0 5 4 0 0 0 0 2 0 0 21 0 5 0 0 6 0 0 0 0 0 0 0 30 48 7 0 0 0 0 65 0 0 17 0 22 0 0 0 0 0 21 0 9 6 0 0 0 13 23 0 0 0 0 38 4293 0 0 0 0 0
MN.BR.5 0 0 0 0 0 0 0 0 0 0 0 0 0 0 0 0 0 0 0 0 0 0 0 0 0 10 6 0 0 0 0 0 60 0 0 6 0 0 0 0 0 0 0 19 0 0 0 0 0 0 0 0 0 0 0 0 7 3666 0 0 0 0 0
MN.CF.1 15 0 0 0 5 0 0 0 0 0 0 0 10 0 0 0 0 0 0 0 0 0 0 0 0 15 8 0 0 0 0 0 17 0 0 26 0 13 6 0 0 0 0 46 0 0 0 0 0 0 0 6 0 0 0 0 0 4159 0 0 0 0 0
MN.CF.2 0 0 0 0 0 0 0 10 0 0 0 0 0 0 0 0 0 0 0 0 0 0 0 0 0 20 9 0 0 0 0 0 0 0 0 10 0 0 0 0 0 0 0 37 0 0 0 0 0 2 0 3 0 0 0 0 0 3515 0 0 0 0 0
MN.CF.3 0 0 0 0 0 0 0 3 0 15 0 0 0 0 0 1 0 0 0 0 0 0 0 0 0 0 0 0 0 0 0 0 0 0 0 7 0 15 0 0 0 0 0 4 3 0 0 0 0 0 19 16 0 0 0 0 15 3821 0 0 0 0 0
MN.FD.2 0 0 0 0 0 0 0 0 0 35 59 0 0 0 0 0 0 0 0 0 0 0 0 0 0 0 0 0 0 0 0 0 0 0 0 21 0 0 0 0 14 0 0 0 0 0 0 0 0 0 27 7 0 0 0 0 8 4684 4 0 0 0 0
MN.FL.4 4 0 0 0 0 0 0 0 0 0 0 0 49 0 0 0 0 0 0 0 0 0 0 0 0 12 15 0 0 0 0 0 0 0 0 12 0 0 0 0 0 0 0 44 0 0 0 0 0 0 0 0 0 0 0 0 0 3519 0 0 0 0 0
MN.LH.1 0 0 0 0 0 0 0 0 7 10 0 0 87 0 0 0 0 0 0 0 0 0 0 0 0 0 10 0 0 0 0 0 170 0 0 30 0 21 0 0 0 0 0 0 0 0 0 0 0 0 29 8 0 0 0 0 5 4538 0 0 0 0 0
MN.LH.2 0 0 0 0 0 0 0 0 0 9 20 0 84 0 0 0 0 0 0 0 9 0 0 0 0 0 3 0 0 0 0 0 88 0 0 33 0 8 0 0 0 0 0 5 0 0 0 0 0 0 0 9 0 0 0 0 9 4634 0 0 0 0 0
MN.LH.3 0 0 0 0 0 0 0 4 0 0 20 0 66 0 0 0 0 0 0 0 0 0 0 6 0 0 5 0 0 0 0 0 30 0 0 34 0 16 0 0 0 0 0 0 0 0 0 0 0 0 22 9 0 0 0 0 6 4544 0 0 0 0 0
MN.LH.4 15 0 0 0 0 0 0 0 0 6 48 0 54 0 0 0 0 0 0 0 12 0 0 0 0 0 0 0 0 0 0 0 17 0 0 32 0 28 0 0 0 0 0 0 0 0 0 0 0 0 57 17 0 0 0 0 16 4646 0 0 0 0 0
MN.LH.5 0 0 0 0 0 0 0 0 0 18 15 0 56 0 12 0 0 0 0 0 12 0 0 0 0 0 0 0 0 7 0 0 55 0 0 23 0 22 0 0 0 0 0 0 0 0 0 0 0 0 20 13 0 0 0 0 13 4653 0 0 0 0 1
MN.LR.1 0 0 0 0 0 0 0 8 0 9 0 0 22 0 0 0 0 0 0 0 13 0 0 0 0 0 0 0 0 0 0 0 69 0 0 4 0 19 0 0 0 0 0 0 0 0 0 0 0 0 10 0 0 0 0 0 12 3511 0 0 0 0 0
MN.LR.2 0 0 0 0 0 0 0 4 0 1 0 0 29 0 0 0 0 0 0 0 0 0 0 0 0 6 8 0 0 0 0 0 12 0 0 4 0 22 0 0 0 0 0 5 0 0 0 0 0 0 0 0 0 0 0 0 0 3705 0 0 0 0 0
MN.LR.4 0 0 0 0 0 0 0 0 0 0 0 0 0 0 0 0 0 0 0 0 0 0 0 0 0 9 0 0 0 4 0 0 7 0 0 12 0 21 0 0 0 0 0 0 0 0 0 0 0 0 7 0 0 0 0 0 0 3809 0 0 0 0 0
MN.LR.5 0 0 0 0 0 0 0 0 0 0 0 3 38 0 0 0 0 0 0 0 0 0 0 0 0 5 11 0 0 0 0 0 6 0 0 5 0 11 0 0 0 0 0 9 0 0 0 0 0 0 0 0 0 0 0 0 9 4019 0 0 0 0 0
MN.MH.1 10 0 0 0 0 0 0 0 0 0 0 0 29 0 0 0 1 0 0 0 19 0 0 0 0 9 0 9 0 0 0 0 8 0 0 16 0 11 0 0 0 0 0 0 0 0 0 0 0 0 64 14 0 0 0 0 71 4312 0 0 0 0 2
MN.MH.2 0 0 0 0 0 0 0 0 0 0 7 0 57 0 0 0 0 0 0 0 0 0 0 0 3 0 0 0 0 0 0 0 24 0 0 15 0 0 0 0 0 0 0 2 0 0 0 0 0 0 14 10 0 0 0 2 185 4601 0 0 0 6 0
MN.MH.3 3 0 0 0 0 0 0 0 0 5 0 0 48 0 0 0 0 0 0 0 12 0 0 0 0 13 18 0 0 0 0 0 17 0 0 14 0 13 0 0 0 0 0 36 0 0 0 0 0 0 0 0 0 0 0 0 34 4489 0 0 0 0 0
MN.MH.4 0 0 0 0 0 0 0 0 0 7 0 0 65 0 0 0 0 1 0 0 0 0 0 0 0 0 12 0 0 0 0 0 14 0 0 9 0 27 0 0 0 0 0 18 0 0 0 0 0 2 47 8 0 0 0 0 9 4532 0 0 0 0 0
MN.MH.5 3 0 0 0 0 0 0 0 0 10 0 0 0 0 7 0 0 0 0 3 0 0 0 0 0 6 9 0 12 0 0 0 20 0 0 18 0 0 0 0 0 0 0 25 0 0 0 0 0 0 7 0 0 0 0 0 9 4105 0 0 0 0 0
MN.MS.1 0 0 0 0 0 0 0 0 0 9 0 0 64 0 5 0 0 1 0 0 5 0 0 0 12 7 16 4 0 0 0 0 14 0 0 3 0 0 0 0 0 0 0 18 1 0 0 0 0 9 10 5 0 0 0 0 14 4249 0 0 0 0 0
MN.MS.2 0 0 0 0 0 0 0 0 0 6 8 0 96 0 0 0 0 0 0 0 7 0 0 0 0 0 9 0 0 5 0 0 0 0 0 28 0 23 0 0 0 0 0 0 0 0 0 0 0 16 52 16 0 0 0 0 93 4568 0 0 0 0 0
MN.MS.3 4 0 0 0 0 0 0 0 0 7 0 0 65 0 0 0 0 0 0 0 7 0 0 0 0 21 34 0 0 0 0 0 12 0 0 8 0 11 0 0 0 0 0 34 0 0 0 0 0 0 13 7 0 0 0 0 13 4328 0 0 0 0 0
MN.MS.4 0 0 3 0 0 0 0 0 0 1 0 0 66 0 0 0 0 3 0 0 0 0 0 0 0 18 18 0 0 0 0 0 18 0 0 26 0 32 0 0 0 0 0 9 0 0 0 0 0 0 6 11 0 0 0 0 17 4655 0 0 0 0 0
MN.MS.5 0 0 0 0 0 0 0 0 0 6 10 0 69 0 0 0 0 5 0 0 0 0 0 0 4 9 14 0 0 0 0 0 80 0 0 13 0 9 0 0 0 0 0 26 0 0 0 0 0 0 0 7 0 0 0 0 10 4626 0 0 0 0 0
MN.RR.1 0 0 0 0 0 0 0 0 0 8 47 0 64 0 0 0 0 0 0 0 0 0 0 0 0 0 0 0 0 0 9 0 67 0 0 21 0 0 0 0 0 0 0 0 0 0 0 0 0 1 0 21 0 0 0 0 12 4629 2 0 0 0 0
MN.RR.2 0 0 0 0 0 0 0 0 0 0 18 0 59 0 0 0 0 0 0 0 8 0 0 0 0 0 4 0 0 0 0 0 0 0 0 27 0 10 0 0 0 0 0 0 0 0 0 0 0 0 0 5 0 0 0 0 7 4769 7 0 0 0 0
MN.RR.3 0 0 0 0 0 0 0 0 0 5 18 0 30 0 0 0 0 0 0 0 0 0 0 0 0 0 0 0 0 0 0 0 8 0 0 34 0 9 0 0 0 0 1 0 0 0 0 0 0 0 0 11 0 0 0 0 6 4468 5 0 0 0 0
MN.SD.2 0 0 0 0 0 0 0 0 0 1 0 0 34 0 0 0 0 0 0 0 20 0 0 0 0 9 0 0 0 0 0 0 21 0 0 21 0 21 0 0 0 0 0 0 0 0 0 0 0 0 14 0 0 0 0 0 9 4660 0 0 0 0 0
MN.SD.5 0 0 0 0 0 0 0 0 0 3 0 0 7 0 0 0 0 0 0 0 0 0 0 0 0 0 22 0 0 0 0 0 95 0 0 21 0 50 0 0 0 0 0 0 0 0 0 0 0 0 0 0 0 0 0 0 7 4264 0 0 0 0 0
MN.WS.3 0 0 0 0 0 0 0 0 0 6 33 0 87 0 0 0 0 0 0 0 0 0 0 0 0 0 0 0 0 0 0 0 123 0 0 25 0 17 0 0 0 0 0 0 0 0 0 0 0 3 22 16 0 0 0 0 24 4550 0 0 0 0 0
MO.CSP.1 0 0 0 0 0 0 0 0 0 17 0 0 29 0 0 0 0 0 0 0 0 0 0 0 0 0 0 0 0 0 0 0 59 0 0 23 0 0 0 0 0 0 0 0 5 0 0 0 0 0 33 16 0 1 0 0 300 4062 0 0 0 0 0
MO.CSP.3 0 0 0 0 0 0 0 0 0 0 0 0 0 0 0 0 0 0 0 0 0 0 0 0 4 4 3 0 0 0 0 0 0 0 0 17 0 11 0 0 0 0 0 33 0 0 0 0 0 0 6 4 0 0 0 0 25 4496 0 0 0 0 0
MO.CSP.4 0 0 0 0 0 0 0 5 0 0 0 3 0 0 0 0 0 5 0 0 9 0 0 0 0 9 6 9 0 0 5 0 19 0 0 18 0 12 0 0 0 0 0 26 0 0 0 0 0 0 45 44 0 2 0 0 287 4035 0 0 0 0 0
MO.CSP.5 0 0 0 0 0 0 0 0 0 8 0 0 0 0 6 0 0 0 0 0 16 2 0 0 0 0 0 5 0 0 5 0 36 0 0 0 0 0 0 0 0 0 0 7 0 0 0 0 0 0 17 38 0 0 0 0 519 4164 0 0 0 0 0
MT.BC.1 0 0 0 0 0 0 0 0 46 0 0 0 0 0 0 0 0 0 0 0 0 0 0 0 0 49 0 0 0 0 0 0 342 0 0 5 0 0 0 0 0 0 0 0 0 0 0 0 0 0 0 0 0 0 0 0 0 3388 0 0 0 0 0
MT.CG.1 0 0 0 0 0 0 0 0 27 2 0 0 0 0 6 0 0 6 0 0 0 0 0 0 0 29 0 0 0 0 0 0 74 0 0 5 0 21 7 7 0 0 0 13 0 0 0 0 0 0 0 0 0 0 0 0 0 3963 0 0 0 0 0
MT.CG.3 0 0 0 0 0 0 0 0 0 0 0 0 0 0 0 0 0 0 0 0 0 0 0 0 0 83 10 0 0 0 0 0 0 0 0 7 0 10 22 9 0 0 0 16 0 0 0 0 0 0 0 0 0 0 0 0 9 3872 0 0 0 0 0
MT.CG.4 0 0 0 0 0 0 0 0 0 0 0 0 0 0 4 0 0 0 0 0 0 0 0 0 0 87 0 0 0 0 0 0 109 0 0 5 0 25 13 0 0 0 0 15 0 0 0 0 0 0 0 0 0 0 0 0 0 4306 0 0 0 0 0
MT.CG.5 0 0 0 0 0 0 0 0 0 0 0 0 0 0 0 0 0 0 0 0 0 0 0 0 0 44 0 0 0 0 0 0 17 0 0 0 0 31 22 0 0 0 0 0 0 0 0 0 0 0 0 0 0 0 0 0 0 3834 0 0 0 0 0
MT.GNF.1 0 0 0 0 0 0 0 0 11 1 0 0 0 0 10 0 0 0 9 0 29 0 5 9 0 20 3 0 6 0 0 0 148 0 0 11 0 45 0 0 0 0 0 23 0 0 0 0 0 3 0 3 0 0 0 0 8 4443 0 0 0 0 0
MT.GNF.2 0 0 0 0 0 0 0 0 0 18 21 0 0 0 0 0 0 0 0 0 14 12 0 0 0 28 12 0 10 3 0 0 10 0 0 31 0 46 0 0 0 0 0 9 0 0 0 0 0 23 21 25 0 0 0 0 62 4509 0 0 0 0 0
MT.GNF.4 0 0 0 0 0 0 0 0 20 7 11 0 0 0 3 0 0 0 0 0 14 0 0 0 4 25 4 6 5 6 0 0 199 16 0 21 0 61 0 0 0 0 7 16 0 0 38 0 0 0 0 14 0 0 0 0 15 4370 0 0 3 0 0
MT.LCN.1 0 0 0 0 0 0 0 0 18 0 12 0 35 0 0 0 0 0 0 0 13 0 0 0 0 32 2 0 0 0 0 0 507 0 0 13 0 15 0 0 0 0 3 0 0 0 0 0 0 0 0 0 0 0 0 0 0 4189 0 0 0 0 0
MT.LCN.2 0 0 0 0 0 14 0 0 0 13 35 0 0 0 0 0 0 0 0 0 29 1 0 0 0 62 0 0 0 0 0 0 19 0 0 29 0 49 0 0 0 0 0 0 0 0 0 0 0 0 0 5 0 0 0 0 20 4550 0 0 0 0 0
MT.LCN.4 0 0 0 0 0 17 0 0 0 6 92 0 0 0 0 0 0 0 0 0 17 0 0 0 0 10 0 0 11 0 0 0 74 0 0 39 0 66 0 0 0 0 0 0 0 0 7 0 0 0 0 0 0 0 0 0 35 4443 0 0 4 0 0
MT.LTR.1 0 0 0 0 0 0 0 0 0 0 0 0 0 0 10 0 0 0 0 0 0 0 0 7 0 17 0 0 0 0 0 0 57 0 0 8 0 28 9 0 0 0 0 5 0 0 0 0 0 0 0 6 0 0 0 0 0 4119 0 0 0 0 0
MT.LTR.2 0 0 0 0 0 0 0 0 0 0 0 0 24 0 0 0 0 0 0 0 0 0 0 0 0 67 21 0 5 0 0 0 115 0 0 3 0 41 6 9 0 0 0 2 0 0 0 0 0 2 0 0 0 0 0 0 0 3965 0 0 0 0 0
MT.LTR.4 0 0 0 0 0 0 0 0 0 0 0 0 0 0 0 0 0 0 0 0 0 0 0 16 0 21 0 0 0 0 0 0 94 0 0 0 0 10 0 0 0 0 0 0 0 0 0 0 0 0 0 1 0 0 0 0 0 3778 0 0 0 0 0
MT.LTR.5 0 0 0 0 0 0 0 0 0 0 0 0 0 0 0 0 0 0 0 0 0 0 0 0 0 46 0 9 0 0 0 0 34 0 0 14 0 23 0 0 0 0 0 0 0 0 0 0 0 0 11 0 0 0 0 0 9 3917 0 0 0 0 0
MT.PC.1 0 0 0 0 0 0 0 0 0 0 0 0 0 0 0 0 0 5 0 0 0 0 0 0 0 65 0 0 0 0 0 0 14 0 0 0 0 20 56 0 0 6 0 21 0 0 0 0 0 0 0 0 0 0 0 0 0 3877 0 0 0 0 0
MT.PC.3 0 0 0 0 0 0 0 0 0 0 0 0 0 0 0 0 0 0 2 0 0 0 0 0 0 30 10 0 0 0 0 0 13 0 0 6 0 10 27 0 0 0 0 73 0 0 0 0 0 0 0 0 0 0 0 0 0 4155 0 0 0 0 0
MT.PC.4 4 0 0 0 0 0 0 0 0 0 0 0 0 0 9 0 0 0 0 0 0 0 0 0 0 31 0 0 0 0 0 0 0 0 0 7 0 22 6 5 0 0 0 0 0 0 0 0 0 2 0 0 0 0 0 0 0 3835 0 0 0 0 0
MT.TP.2 0 0 0 0 0 0 0 0 0 2 57 0 45 0 0 0 0 0 0 0 0 0 0 0 0 8 0 0 0 0 0 0 12 0 0 27 0 36 0 0 0 0 0 0 5 0 4 0 0 0 6 0 0 0 0 0 0 4584 0 0 0 0 0
MT.TP.3 0 0 0 0 0 0 0 0 0 0 26 0 46 0 0 0 0 0 0 0 24 0 0 0 0 14 0 0 17 0 0 0 0 0 0 14 0 23 0 0 0 0 0 0 0 0 0 0 0 0 0 0 0 0 0 0 0 4677 0 0 0 0 0
MT.TP.5 0 0 0 0 0 0 0 0 0 6 33 0 41 0 0 0 0 0 0 0 17 12 0 0 0 0 0 0 0 0 0 0 3 6 0 7 0 0 0 0 16 0 0 0 0 0 0 0 0 0 0 0 4 0 0 0 0 4396 0 0 0 0 0
MT.UTR.2 0 0 0 0 0 0 0 0 0 11 0 0 0 0 0 0 0 0 0 0 0 0 0 0 0 61 6 0 0 0 0 0 33 0 0 12 0 31 0 0 0 0 0 0 0 0 7 0 0 0 17 8 0 0 0 0 14 4140 0 0 0 5 0
MT.UTR.4 0 0 0 0 0 0 0 0 0 0 0 0 0 0 0 0 0 5 0 0 0 0 0 0 0 42 3 0 0 0 0 0 10 0 0 11 0 11 11 0 0 0 0 23 0 0 0 0 0 0 0 0 0 0 0 0 10 3668 0 0 0 0 0
MT.UTR.5 0 0 0 0 0 0 0 0 0 3 0 0 0 0 0 0 0 3 0 0 0 3 0 5 0 41 0 0 0 0 0 0 10 0 0 7 0 16 6 0 0 0 0 24 0 0 0 0 0 0 0 3 0 0 0 0 0 4026 0 0 0 0 0
NC.CMSP.1 0 0 0 0 0 0 0 0 0 0 850 0 273 0 0 0 0 0 0 0 0 0 0 0 0 0 0 0 0 0 0 0 0 10 0 3 0 56 0 0 0 0 0 0 0 0 0 0 0 0 0 0 0 0 0 0 4 3677 0 0 0 0 0
NC.CMSP.2 0 0 0 0 0 0 0 0 0 0 702 0 336 0 0 0 0 0 0 0 6 0 0 0 0 0 0 0 6 0 0 0 0 0 0 15 0 23 0 0 0 0 0 0 0 0 0 0 0 0 0 0 0 0 0 0 3 3829 0 0 0 0 0
NC.CMSP.4 0 0 0 0 4 0 0 0 0 0 335 0 253 0 0 0 0 0 0 0 0 0 0 0 0 22 0 0 0 0 0 0 0 0 0 0 0 0 0 0 0 0 0 0 0 0 0 0 0 0 0 0 0 0 0 0 0 4266 0 0 0 0 0
NC.CMSP.5 0 0 0 0 0 0 0 0 0 0 209 0 482 0 0 0 0 0 0 0 5 0 0 0 0 0 0 0 0 0 0 0 0 0 0 7 0 32 0 0 0 0 0 0 0 0 0 0 0 0 0 0 0 0 0 0 0 4178 0 0 0 0 0
NC.CNF.1 0 0 0 0 0 0 0 0 0 0 226 0 113 0 0 0 0 0 0 0 6 0 0 0 0 0 0 0 0 0 0 0 0 0 0 3 0 0 0 0 0 0 0 0 0 0 0 0 0 0 0 0 0 0 0 0 0 4538 0 0 0 0 0
NC.CNF.2 0 0 0 0 0 0 0 4 0 0 92 0 129 0 0 0 0 0 0 0 0 0 0 0 0 0 0 0 0 0 0 0 6 0 0 15 0 0 0 0 0 0 0 0 0 0 0 0 0 0 4 0 0 0 0 0 19 4644 0 0 0 0 0
NC.CNF.3 0 0 0 0 0 9 0 0 0 0 493 0 176 0 0 0 0 0 0 0 19 0 0 0 0 0 0 0 0 0 0 0 0 8 0 12 0 0 0 0 0 0 0 0 0 0 0 0 0 0 0 0 0 0 0 0 0 4111 5 0 0 0 0
NC.CNF.4 6 0 0 0 0 0 0 0 0 0 217 0 194 0 0 0 0 0 0 0 11 0 0 0 0 0 0 0 12 0 0 0 3 0 0 55 0 33 0 0 0 0 0 2 0 0 14 0 0 0 0 31 0 0 0 0 23 4299 6 0 0 0 14
NC.CNF.5 0 0 0 0 0 0 0 0 0 8 0 0 54 0 0 0 0 0 0 0 14 0 0 5 0 0 0 0 0 0 0 0 8 0 0 26 0 8 0 0 0 0 0 0 0 0 0 0 0 2 0 15 0 0 0 0 3 4794 9 0 0 0 0
NC.GSM.1 0 0 0 0 0 0 0 0 0 0 497 0 395 0 0 0 0 0 0 0 0 0 0 0 0 0 0 0 0 0 0 0 0 0 0 3 0 0 0 0 0 0 0 0 0 0 0 0 0 0 0 0 0 0 0 0 0 3996 0 0 0 0 0
NC.GSM.2 0 0 0 0 0 0 0 0 0 0 230 0 238 0 0 0 0 0 0 0 0 0 0 0 0 0 0 0 0 0 0 0 0 0 0 11 0 46 0 0 0 0 0 0 0 0 0 0 0 0 0 0 0 0 0 0 15 4338 7 0 0 0 0
NC.GSM.3 0 0 0 0 0 0 0 0 0 0 704 0 471 0 0 0 0 0 0 0 7 0 0 0 0 0 0 0 0 0 0 0 0 0 0 0 0 0 0 0 16 0 0 0 0 0 0 0 0 0 0 0 0 0 0 0 121 3554 0 0 0 0 0
NC.GSM.4 0 0 0 0 0 0 0 0 0 0 49 5 95 0 0 0 0 0 0 0 0 0 0 0 0 0 3 5 0 0 12 0 0 0 0 31 0 24 0 0 0 0 0 0 0 0 0 0 0 0 18 16 0 0 0 0 87 4457 25 0 0 0 0
NC.GSM.5 7 0 0 0 0 0 0 0 0 0 361 0 192 0 0 0 0 0 0 0 12 0 0 0 0 0 0 0 0 0 0 0 0 0 0 15 0 42 0 0 0 0 0 0 0 0 0 0 0 0 0 0 0 0 0 0 7 4205 11 0 0 0 0
ND.AN.1 0 0 0 0 0 0 0 0 0 2 0 0 0 0 0 0 0 7 0 0 0 0 0 0 0 17 15 0 0 3 0 0 41 0 0 9 0 18 8 0 0 0 0 43 0 0 0 0 0 1 0 0 0 0 0 0 0 3944 0 0 0 0 0
ND.AN.2 0 0 0 0 0 0 0 0 0 3 0 0 0 0 0 0 0 0 0 0 9 0 0 0 0 23 12 0 0 14 0 0 33 0 0 6 0 13 0 7 0 0 0 42 0 0 0 0 0 0 0 0 0 0 0 0 0 4072 0 0 0 0 0
ND.AN.3 12 0 0 0 0 0 16 0 22 2 0 0 20 0 0 0 0 0 0 0 0 0 0 7 1 19 3 0 5 3 0 0 885 0 0 9 0 24 0 0 0 0 0 10 0 0 0 0 0 0 3 0 0 0 0 0 0 3578 0 0 0 0 0
ND.AN.4 0 0 0 0 0 0 0 0 0 0 0 0 0 0 0 0 0 0 0 0 0 0 0 0 0 10 14 0 9 0 0 0 84 0 0 12 0 17 0 0 0 0 0 29 0 0 0 0 0 0 10 0 0 0 0 0 0 4026 0 0 0 0 0
ND.AN.5 0 0 0 0 0 0 0 0 0 0 0 0 0 0 0 0 0 0 0 0 0 0 0 0 0 16 8 0 0 0 0 0 54 0 0 8 0 16 3 0 0 0 0 22 0 0 0 0 0 0 0 0 0 0 0 0 0 3804 0 0 0 0 0
ND.ER.1 2 0 0 0 0 0 7 0 10 0 0 0 14 0 11 0 0 0 0 0 0 0 0 0 0 24 0 0 0 0 0 0 293 0 0 5 0 22 0 2 0 0 0 0 0 0 0 0 0 0 0 8 0 0 0 0 0 3915 0 0 0 0 0
ND.ER.5 5 0 0 0 0 0 0 0 0 0 0 0 0 0 0 0 0 0 0 0 0 0 0 0 0 45 3 0 0 0 0 0 27 0 0 10 0 30 3 12 0 0 0 10 0 0 0 0 0 2 0 17 0 0 0 0 4 4211 0 0 0 0 0
ND.KS.1 0 0 0 0 0 0 0 0 0 11 0 0 0 0 0 0 0 0 0 0 0 0 0 0 0 17 0 0 0 0 0 0 0 0 0 1 2 9 0 0 0 0 0 14 0 5 0 0 0 0 1 0 0 0 0 0 4 3024 0 0 0 0 0
ND.KS.2 5 0 0 0 0 0 0 0 0 4 0 0 0 0 0 0 0 4 0 0 0 0 0 0 0 13 0 2 0 5 0 0 4 0 0 10 0 0 0 0 0 0 0 51 0 0 0 0 0 0 0 10 0 0 0 0 0 4156 0 0 0 0 0
ND.KS.3 0 0 0 0 0 0 0 0 0 4 0 0 0 0 0 0 0 0 1 0 0 0 0 0 0 7 0 0 0 4 0 0 20 0 0 13 0 19 6 5 0 0 0 59 0 0 0 0 0 0 0 5 0 0 0 0 0 3646 0 0 0 0 0
ND.KS.4 6 0 0 0 0 0 0 0 0 5 0 0 18 0 0 0 0 0 0 0 0 0 0 0 0 9 5 0 0 5 0 0 44 0 0 13 0 19 0 0 0 0 0 22 0 0 0 0 0 0 0 0 0 0 0 0 0 4031 0 0 0 0 0
ND.KS.5 0 0 0 0 5 0 0 0 5 39 0 0 0 0 0 0 0 0 0 0 0 0 0 0 0 0 0 0 0 6 0 0 59 0 0 8 13 2 0 0 0 0 0 0 5 0 0 0 0 0 16 3 0 0 0 0 28 4147 0 0 0 0 0
ND.LI.5 0 0 0 0 0 0 0 0 16 0 0 0 0 0 0 0 0 0 0 0 0 0 0 0 0 10 14 0 0 0 4 0 26 0 0 5 0 8 0 0 0 0 0 3 0 0 0 0 0 0 0 0 0 0 0 0 0 3893 0 0 0 0 0
ND.LL.1 0 0 0 0 0 0 0 0 0 12 0 0 0 0 0 0 0 0 0 0 0 0 7 0 0 1 8 0 0 1 0 0 27 0 0 12 0 18 2 0 0 0 0 38 11 0 0 0 0 0 9 5 0 0 0 0 11 4528 0 0 0 0 0
ND.LL.2 0 0 0 0 0 0 0 0 1 17 0 0 0 0 0 0 0 0 0 0 0 0 0 0 0 4 2 0 0 1 0 0 9 0 0 5 0 11 0 0 0 0 0 17 0 0 0 0 0 0 0 0 0 7 0 0 6 3808 0 0 0 0 0
ND.LL.3 0 0 0 0 0 0 0 0 6 2 0 0 13 0 0 0 0 0 0 0 0 0 0 0 0 17 6 0 0 4 0 0 82 0 0 12 0 21 1 0 0 0 0 29 0 1 0 0 0 0 14 0 0 0 0 0 21 3913 0 0 0 0 0
ND.LL.4 4 0 0 0 0 0 0 0 0 7 0 0 13 0 0 0 0 0 0 0 0 0 0 0 0 8 7 0 0 2 0 0 68 0 0 7 1 14 0 0 0 0 0 11 0 0 0 0 0 0 15 0 0 3 0 0 10 3783 0 0 0 6 0
ND.LL.5 0 0 0 0 0 0 0 0 0 6 0 0 0 0 0 0 0 0 0 0 0 0 0 0 0 6 2 0 0 2 0 0 52 0 0 6 0 10 0 0 0 0 0 15 0 0 0 0 0 0 0 0 0 1 0 0 4 3801 0 0 0 0 0
ND.LN.1 0 0 0 0 0 0 7 0 2 17 0 11 0 0 5 0 0 0 0 0 7 0 0 0 0 20 0 0 0 0 0 0 354 0 0 16 4 23 0 0 0 0 0 0 0 0 0 0 0 0 0 4 0 0 0 1 10 3866 0 20 0 0 0
ND.LN.2 0 0 0 0 0 0 13 0 30 0 0 0 0 0 0 0 0 0 0 0 0 0 0 0 0 14 4 0 0 0 0 0 985 0 0 11 0 16 0 0 0 0 0 0 0 0 0 0 0 0 0 4 0 0 0 0 4 3601 0 0 0 0 0
ND.LN.4 9 0 0 0 0 0 0 0 11 0 3 0 0 0 4 0 0 0 0 0 6 0 0 0 0 17 23 0 0 0 0 0 147 0 0 20 0 11 0 0 0 0 0 11 0 0 0 0 0 0 0 0 0 0 0 0 3 4020 0 0 0 0 0
ND.LN.5 0 0 0 0 0 0 0 0 0 0 0 0 14 0 0 0 0 0 0 0 0 0 2 0 0 40 20 0 0 0 0 0 18 0 0 15 0 12 0 0 0 0 0 16 0 0 0 0 0 0 0 6 0 0 0 0 7 4091 0 0 0 0 0
ND.LZ.1 0 0 0 2 0 0 0 0 0 0 0 0 15 0 4 0 0 0 0 0 0 0 0 0 0 25 0 0 1 0 0 0 15 0 0 11 0 22 0 0 0 0 0 0 0 0 0 0 0 0 0 9 0 0 0 0 2 3687 0 0 0 0 0
ND.LZ.2 0 0 0 0 5 0 0 0 4 0 0 0 20 0 0 0 0 0 0 0 10 0 0 4 0 22 0 0 0 0 0 0 79 0 0 11 0 28 0 9 0 0 0 2 0 0 0 0 0 0 0 20 0 0 0 0 3 3917 0 0 0 0 0
ND.LZ.5 14 0 0 0 0 0 0 0 0 0 0 0 9 0 9 0 0 1 0 0 0 6 0 0 0 34 6 0 0 4 0 0 20 0 0 12 0 10 7 3 0 0 0 47 0 0 0 0 0 2 0 4 0 0 0 0 0 4203 0 0 0 0 0
ND.WL.1 0 0 0 0 0 0 0 0 0 0 0 0 0 0 12 0 0 0 0 0 0 0 0 9 0 12 9 0 0 0 0 0 24 0 0 3 0 27 0 0 0 0 0 0 0 0 0 0 0 0 0 0 0 0 0 0 0 3798 0 0 0 0 0
ND.WL.2 0 0 0 0 0 0 8 0 19 1 7 0 0 0 0 0 0 0 11 0 0 0 0 0 0 15 17 0 8 0 0 0 189 0 0 8 0 27 0 0 0 0 0 16 0 0 0 0 0 0 0 0 0 0 0 0 0 4175 0 0 0 0 0
ND.WL.3 0 0 0 0 0 0 31 0 56 8 0 0 0 0 0 0 0 0 0 0 0 9 0 3 0 9 3 0 0 2 0 0 1575 0 0 5 0 17 0 0 0 0 0 8 0 0 0 0 0 0 0 13 0 0 0 0 0 2952 0 0 0 0 0
ND.WL.4 0 0 0 0 2 0 0 0 0 6 0 0 19 0 8 0 0 0 0 0 7 0 0 0 0 12 2 0 4 0 0 0 208 0 0 22 0 35 0 0 0 0 0 5 0 0 0 0 0 0 1 0 0 0 0 0 15 4312 0 5 0 0 0
ND.WL.5 7 0 0 0 0 0 4 0 10 0 0 0 0 0 7 0 0 0 0 0 0 0 0 4 0 16 11 0 0 2 0 0 353 0 0 8 0 7 5 2 0 0 0 29 0 0 0 0 0 0 0 0 0 0 0 0 2 3736 0 0 0 0 0
NJ.MC.3 10 0 0 0 0 0 4 0 25 0 58 0 31 0 0 0 0 0 0 0 15 0 0 7 0 0 0 0 0 0 4 0 634 0 0 12 0 21 0 0 0 0 0 2 0 0 0 0 0 0 0 11 0 0 0 0 2 4048 0 3 0 0 0
NJ.MC.4 20 0 0 0 0 0 0 7 0 12 10 15 32 0 0 0 0 0 0 0 0 0 0 0 0 10 0 0 0 0 8 0 0 0 0 9 0 32 0 0 0 0 0 0 0 4 8 0 0 0 0 0 0 0 0 0 13 4393 26 3 0 0 0
NJ.MC.5 13 0 0 6 9 0 0 0 0 5 15 0 50 0 0 0 7 0 0 0 16 0 0 6 0 3 0 0 10 0 7 0 16 0 0 13 0 66 0 0 0 0 0 0 0 1 0 0 0 0 0 0 0 0 0 0 0 4165 0 6 0 0 0
NM.CC1.1 0 0 0 0 0 0 0 0 0 0 0 0 0 3 0 0 0 1 0 0 0 0 0 0 0 9 0 0 0 0 0 0 0 0 0 0 0 0 170 8 0 0 0 0 0 0 0 5 0 0 0 0 0 0 0 0 0 4050 0 0 5 0 0
NM.CC1.5 0 0 0 0 0 0 0 0 0 0 0 0 0 0 0 0 0 0 0 0 0 0 0 0 0 36 0 0 0 0 0 0 36 0 0 0 0 0 96 0 0 0 0 0 0 0 0 0 0 0 0 0 0 0 0 0 0 4076 0 0 0 0 0
NM.CC2.1 12 0 0 0 0 0 0 0 0 0 0 0 0 0 0 0 0 0 0 0 0 0 0 0 0 26 0 0 0 0 0 0 31 0 0 0 0 8 81 0 0 0 0 0 0 0 0 2 0 0 0 0 0 0 0 0 0 3891 0 0 12 0 0
NM.CN.1 0 0 0 0 0 0 0 0 0 0 0 0 0 0 0 0 0 0 0 0 0 0 0 0 0 60 0 0 0 0 0 0 14 0 0 3 0 0 83 17 0 0 0 0 0 0 0 0 0 0 0 0 0 0 0 0 0 4361 0 0 0 0 0
NM.CN.2 0 0 0 0 0 0 0 0 15 0 0 0 0 0 0 0 0 0 0 0 0 0 0 0 0 73 0 0 0 0 0 0 130 0 0 3 0 0 36 20 0 0 0 15 0 0 0 0 0 0 0 0 0 0 0 0 0 4252 0 0 0 0 0
NM.CNF.3 0 0 0 0 0 0 0 0 0 0 0 0 0 0 0 0 0 0 0 0 0 0 0 0 0 38 0 0 0 0 0 0 0 0 0 6 0 19 29 0 0 0 0 20 0 0 0 0 0 0 0 0 0 0 0 0 0 4356 0 0 0 0 5
NM.EB.2 12 0 0 0 0 0 0 0 0 0 0 0 0 5 0 0 0 0 0 0 0 0 0 0 0 25 0 0 0 0 0 0 86 0 0 0 0 4 112 0 0 0 0 0 0 0 0 0 0 0 0 0 0 0 0 0 0 3702 0 0 8 0 0
NM.EB.3 3 0 0 0 0 0 5 0 0 0 0 0 0 0 0 0 0 0 0 0 0 0 0 0 0 14 0 0 0 0 0 0 47 0 0 0 0 0 280 0 0 0 0 0 0 0 0 0 0 0 0 0 0 0 0 0 0 3956 0 0 5 0 9
NM.GNF.1 0 0 0 0 0 0 0 0 8 0 0 0 0 0 0 0 0 5 0 0 0 0 0 0 0 40 0 0 0 0 0 0 8 0 0 5 0 0 31 13 0 0 0 11 0 0 0 0 0 0 0 0 0 0 0 0 0 3855 0 0 0 0 0
NM.LNF.3 0 0 0 0 0 4 0 0 0 0 0 0 17 0 12 0 0 0 0 0 12 0 0 0 0 25 0 0 0 0 0 0 103 0 0 19 0 7 0 0 0 0 0 4 0 0 0 0 0 0 0 3 0 0 0 0 0 4236 0 0 0 0 0
NM.OM.1 0 0 0 0 0 0 0 0 0 0 0 0 0 0 0 0 0 0 0 0 0 0 0 0 0 33 0 0 0 0 0 0 173 0 0 0 0 0 137 23 0 0 0 0 0 0 0 0 0 0 0 0 0 0 0 0 0 3874 0 0 0 0 0
NM.OM.4 12 0 0 0 0 0 8 0 0 0 0 0 0 0 0 0 0 0 0 0 0 0 0 7 0 34 0 0 0 0 0 0 206 0 0 0 0 9 59 0 0 0 0 10 0 19 0 15 0 0 0 0 0 0 0 0 0 3985 0 0 0 0 0
NM.SAN.1 24 0 0 0 0 0 0 0 0 0 0 0 0 0 0 0 0 0 0 0 0 0 0 0 0 37 0 0 0 0 0 0 13 0 0 3 0 18 63 0 0 0 0 0 0 0 0 0 0 0 0 0 0 0 0 0 0 4190 0 0 0 0 0
NM.SAN.2 0 0 0 0 0 0 0 0 0 0 0 0 0 5 0 0 0 0 0 0 0 0 0 0 0 49 0 0 0 0 0 0 8 0 0 0 0 0 45 13 0 0 0 13 0 0 0 0 0 0 0 0 0 0 0 0 0 4128 0 0 0 0 0
NM.SFNF.4 18 0 0 0 0 0 0 0 0 3 0 0 0 0 0 0 0 5 0 0 7 0 0 17 0 51 0 0 3 0 0 0 0 0 0 8 0 33 5 0 0 0 0 58 0 0 0 0 0 0 0 0 0 0 0 0 0 4451 0 0 0 0 0
NM.SFNF.5 0 0 0 0 0 0 0 0 0 0 114 0 149 0 8 0 0 0 0 0 15 0 0 0 0 13 2 0 0 0 0 0 15 0 0 17 0 24 2 0 17 0 0 0 0 0 19 0 0 0 0 0 0 0 0 0 1 4454 0 0 0 0 0
NV.LM.1 0 0 0 0 0 0 3 0 0 0 0 0 0 0 0 0 0 0 0 0 0 0 0 0 0 16 0 0 0 0 0 0 0 0 0 0 0 0 863 0 0 0 0 0 0 0 0 0 0 0 0 0 0 0 0 0 0 3517 0 0 0 0 0
NV.LM.2 0 0 0 0 0 0 18 0 0 0 0 0 0 0 0 0 0 0 0 0 7 0 0 0 0 32 0 0 0 0 0 0 0 0 0 0 0 0 429 27 0 0 0 0 0 0 0 0 0 0 0 0 0 0 0 0 0 3926 0 0 0 0 0
NV.LM.5 0 0 0 0 0 0 0 0 0 0 0 0 0 0 0 0 0 4 0 0 0 0 0 0 0 25 0 0 0 0 0 0 0 0 0 0 0 0 843 0 0 0 0 0 0 0 0 0 0 0 0 0 0 0 0 0 0 3807 0 0 0 0 0
NY.BM.1 0 0 4 0 0 0 0 0 0 9 0 0 0 0 0 0 0 0 0 0 8 0 0 0 16 0 4 10 0 3 0 0 4 0 0 22 0 7 0 0 0 0 0 33 15 2 0 0 0 0 14 37 0 0 0 0 51 4451 0 0 0 3 0
NY.BM.2 0 0 0 0 0 0 0 0 9 0 30 0 84 0 0 0 0 0 0 0 11 0 0 0 0 0 19 0 0 0 0 0 183 0 0 45 0 23 0 0 0 0 0 9 0 0 0 0 0 1 0 17 0 0 0 0 5 4442 6 0 0 0 0
NY.BM.3 2 0 0 0 0 0 0 4 0 0 59 0 154 0 0 0 0 2 1 0 7 0 0 0 0 0 25 2 0 0 0 0 0 0 0 39 0 19 0 0 0 0 0 13 0 0 0 0 0 0 18 8 0 0 0 0 14 4509 0 0 0 5 0
NY.BM.4 0 0 0 0 0 0 0 0 0 0 209 0 748 0 0 0 0 0 0 0 0 0 0 0 0 0 0 0 0 0 0 0 0 0 0 0 0 0 0 0 0 0 0 0 0 0 0 0 0 0 0 0 0 0 0 0 0 3904 0 0 0 0 0
NY.BM.5 6 0 0 0 0 0 0 0 0 0 0 0 53 0 0 0 0 0 0 0 5 0 0 0 0 2 7 0 0 4 0 0 8 0 0 29 0 17 0 0 0 0 0 12 0 0 0 0 0 1 6 4 0 0 0 0 30 4437 0 0 0 1 0
NY.CB.2 0 0 0 0 0 0 0 0 0 0 25 0 30 0 0 0 0 0 0 0 17 0 0 0 0 0 0 0 0 3 0 0 20 0 0 33 0 8 1 0 0 0 0 0 0 0 0 0 0 0 20 13 0 0 0 0 0 4753 3 0 0 0 0
NY.CB.3 8 0 0 0 0 0 0 6 11 15 0 0 19 0 10 0 0 0 0 0 0 0 0 0 0 0 0 6 0 0 0 0 52 0 0 10 0 0 0 0 0 0 0 0 0 0 0 0 0 0 25 0 0 0 0 0 11 4125 10 0 0 0 0
NY.CB.5 4 0 0 0 0 0 0 0 0 0 51 0 64 0 0 0 0 0 1 0 12 0 0 0 0 0 3 0 8 0 4 0 4 0 0 35 0 11 0 0 0 0 0 0 0 0 0 0 0 0 0 6 2 0 0 0 7 4706 4 0 0 0 2
NY.TS.1 0 0 0 0 0 0 0 0 0 3 0 0 0 0 0 0 0 0 0 0 6 0 0 0 0 9 7 0 0 0 0 0 0 0 0 12 0 21 0 0 0 0 0 20 0 0 0 0 0 0 7 0 0 0 0 0 2 4419 0 0 0 0 0
NY.TS.3 0 0 0 0 0 0 0 1 0 6 9 0 54 0 0 0 0 1 0 0 18 0 0 0 0 1 12 0 0 0 0 0 6 0 0 21 0 32 0 0 0 0 0 0 0 0 0 0 0 3 22 9 0 0 0 0 8 4617 5 0 0 0 1
NY.TS.4 0 0 0 0 0 0 0 0 0 5 31 0 73 0 0 0 0 0 0 0 6 0 0 0 0 0 4 0 0 0 0 0 0 0 0 15 0 13 0 0 0 0 0 0 0 0 0 0 0 0 0 5 0 0 0 0 0 4668 14 0 0 0 0
NY.TS.5 0 0 0 0 0 0 0 0 0 0 0 0 48 0 0 0 0 0 0 0 15 0 0 0 2 0 1 0 0 2 0 0 0 0 0 34 0 10 0 0 0 0 0 3 0 0 0 0 0 0 3 0 0 0 0 0 1 4629 4 0 0 0 0
OH.CV.1 0 0 0 0 0 0 0 0 0 0 4 4 23 0 0 0 0 0 0 0 16 0 0 0 0 0 3 0 1 0 3 0 40 0 0 12 0 10 0 0 0 0 0 0 0 0 0 0 0 0 0 0 0 0 0 0 0 4402 4 0 0 0 0
OH.CV.2 0 0 0 0 0 5 0 0 8 0 19 0 51 0 0 0 0 0 0 0 9 0 0 0 0 0 4 0 0 2 0 0 22 0 0 27 0 19 0 0 0 0 0 10 0 0 0 0 0 0 34 9 0 0 0 0 32 4630 6 0 0 0 0
OH.CV.3 3 0 0 0 0 0 0 0 0 0 5 0 10 0 0 0 0 0 1 0 0 0 0 0 0 0 7 5 0 0 0 0 11 0 0 9 0 30 0 4 0 0 0 40 0 0 0 0 0 0 17 18 0 0 0 0 46 4462 0 0 0 2 0
OH.CV.4 0 0 0 0 0 0 0 1 0 0 0 0 29 0 0 0 0 0 0 0 9 0 0 0 0 4 10 11 0 0 0 0 29 0 0 20 0 12 0 0 0 0 0 4 0 0 0 0 0 4 67 7 0 0 0 1 31 4371 0 0 0 0 0
OH.CV.5 7 0 0 0 0 0 0 0 0 5 0 0 33 0 6 0 0 0 0 0 4 0 0 0 0 0 6 0 0 0 0 0 15 0 0 15 0 25 0 0 0 0 0 12 0 0 0 0 0 5 39 9 5 0 3 0 95 4479 1 0 0 5 0
OH.DSP.1 0 0 0 0 0 0 0 7 0 11 18 0 34 0 0 0 0 0 0 0 13 0 0 0 0 0 0 0 0 0 0 0 16 0 0 9 0 10 0 0 0 0 0 0 0 0 0 0 0 0 0 8 0 0 2 0 2 4765 11 3 0 0 0
OH.DSP.2 7 0 0 0 0 0 0 5 0 4 0 0 21 0 0 0 0 0 0 0 0 0 0 0 1 4 2 0 0 0 0 0 10 0 0 8 0 0 0 0 0 0 0 12 0 0 0 0 0 0 17 9 0 0 0 0 116 4128 2 0 0 0 0
OH.DSP.3 6 0 0 0 0 0 0 0 0 0 0 0 15 0 0 0 0 0 0 0 0 0 0 0 0 6 8 0 0 0 0 0 31 0 0 8 0 15 0 9 0 0 0 0 0 0 0 0 0 0 5 0 0 0 0 0 2 4153 2 0 0 0 0
OH.DSP.4 0 0 0 0 0 0 0 0 0 0 0 5 30 0 0 0 0 0 0 0 9 0 0 0 0 13 0 0 0 0 0 0 27 0 0 9 0 16 0 0 0 0 0 0 8 0 0 0 0 0 0 0 0 0 0 0 14 3712 6 0 0 0 0
OH.DSP.5 25 0 0 0 0 0 0 4 0 0 0 0 29 0 0 0 0 0 0 0 11 0 0 0 0 17 9 0 0 0 0 2 34 0 0 22 0 31 0 0 0 0 0 8 0 0 0 0 0 0 3 0 0 0 0 0 10 4261 6 0 0 0 0
OH.KPW.1 0 0 0 0 0 0 0 0 0 0 0 5 32 0 0 0 0 0 0 0 0 0 0 0 0 7 0 0 0 0 8 0 24 0 0 0 0 23 0 0 0 0 0 13 0 0 0 0 0 0 0 0 0 0 0 0 0 3583 0 0 0 0 0
OH.KPW.2 13 0 0 0 0 0 0 4 0 0 0 0 13 0 0 0 0 0 1 3 2 0 0 0 0 8 12 0 7 0 0 0 16 0 0 6 0 16 0 0 0 0 0 15 0 0 0 0 0 0 0 5 0 0 0 0 4 3844 0 0 0 0 0
OH.KPW.3 7 0 0 0 0 0 0 0 0 0 2 0 8 0 1 0 0 0 3 0 14 0 9 0 0 0 5 0 0 0 0 0 10 0 0 11 0 15 0 0 0 0 0 5 0 1 0 0 0 0 0 7 0 0 0 0 21 4098 0 0 0 0 0
OH.KPW.4 12 0 0 0 0 0 0 0 0 0 13 0 13 0 10 0 0 0 7 0 16 0 14 0 0 5 0 0 0 0 0 0 32 0 0 25 0 21 0 0 0 0 0 0 0 0 0 0 0 0 0 14 0 0 0 1 3 4367 4 0 0 0 0
OH.KPW.5 8 0 0 0 0 0 0 7 0 0 7 0 0 0 0 0 0 0 0 0 12 0 0 0 0 3 0 0 7 0 0 0 14 0 0 26 0 19 0 0 0 0 0 0 0 0 0 0 0 0 28 10 0 0 0 0 22 3964 0 0 0 0 0
OH.MSF.1 5 0 3 0 5 0 0 8 0 5 40 5 29 0 0 0 0 0 0 0 17 0 0 3 0 0 4 0 0 0 15 0 9 0 0 27 0 24 0 0 0 0 0 3 0 0 0 0 0 0 0 25 2 0 0 0 12 4596 8 2 0 0 0
OH.MSF.2 2 0 0 0 0 0 0 0 0 1 31 0 74 0 0 0 0 0 8 0 12 0 0 0 0 0 0 0 4 0 2 0 55 0 0 25 0 25 0 0 0 0 0 0 0 0 0 0 0 0 0 10 0 0 0 0 3 4398 0 0 0 0 0
OH.MSF.3 0 0 0 0 0 0 0 3 0 17 15 0 55 0 0 0 0 0 2 0 12 0 0 0 0 7 7 0 0 0 5 0 11 0 0 32 0 33 0 0 0 0 0 8 0 0 0 0 0 2 14 13 0 0 0 0 4 4455 3 0 0 0 0
OH.MSF.4 0 0 0 0 0 0 0 4 0 9 0 6 11 0 0 6 0 0 0 0 0 0 0 0 0 8 4 0 0 5 0 0 72 0 0 10 0 19 0 0 0 0 0 8 0 6 0 0 0 8 11 6 0 5 0 0 0 3627 0 0 0 0 0
OH.MSF.5 16 0 0 0 0 0 6 9 0 23 0 0 25 0 0 1 0 0 0 0 7 0 0 0 0 0 0 5 0 11 0 0 0 0 0 11 0 20 9 0 0 0 0 0 0 8 0 0 0 0 25 27 0 0 0 0 52 4177 0 0 0 0 0
OH.WN.1 0 0 0 0 0 0 0 3 0 0 0 0 0 0 0 0 0 5 0 0 0 0 0 0 0 0 4 0 0 2 0 0 16 0 0 9 0 20 0 13 0 0 0 37 12 0 0 0 0 1 11 0 0 0 0 0 29 4499 0 0 0 0 0
OH.WN.3 16 0 0 0 0 0 0 0 0 0 0 0 0 0 0 0 0 1 2 0 3 0 0 0 0 11 8 4 0 1 0 0 0 0 0 16 0 12 0 0 0 0 0 18 0 0 0 0 0 0 11 8 0 0 0 0 9 4403 0 0 0 0 0
OH.WN.4 9 0 0 0 0 0 0 0 0 0 0 0 12 0 0 0 0 0 0 0 2 0 0 0 0 3 2 2 0 2 0 0 0 0 0 10 0 12 0 0 0 0 0 26 3 0 0 0 0 0 0 11 0 0 0 0 112 4575 0 0 0 0 0
OH.WN.5 0 0 0 0 0 0 0 0 0 0 0 0 112 0 0 0 0 0 0 0 0 0 0 0 0 0 2 7 0 0 0 0 0 0 0 38 0 17 0 0 0 0 0 0 0 0 0 0 0 0 26 8 0 0 0 0 12 4716 0 0 0 0 0
OK.KSP.1 17 0 0 0 0 0 0 0 0 0 6 0 53 0 0 0 0 0 0 0 0 0 0 0 0 0 14 0 0 0 0 0 10 0 0 16 0 22 0 0 0 0 0 18 0 0 0 0 0 0 0 0 0 0 0 0 0 4606 0 0 0 0 0
OK.KSP.3 23 0 0 0 0 0 0 5 0 0 28 0 86 0 0 0 0 0 0 0 8 0 0 8 0 0 16 0 0 0 0 0 15 0 0 8 0 27 0 0 0 0 0 13 0 0 0 0 0 0 0 0 0 0 0 0 0 4577 0 6 0 0 0
OK.LW.4 0 0 0 0 0 0 0 0 0 0 30 0 31 0 14 0 0 0 0 0 20 0 0 0 0 18 0 0 0 0 0 0 13 0 0 15 0 22 0 0 0 0 0 16 0 0 0 0 0 0 0 11 0 0 0 0 13 4479 6 0 0 0 0
OK.MP.1 12 0 0 0 0 0 0 0 0 5 0 0 11 0 0 0 0 0 0 0 0 0 0 0 0 8 0 0 0 0 0 0 51 0 0 9 4 10 0 0 0 0 0 0 0 0 0 0 0 0 0 4 0 0 0 0 0 4175 0 0 0 0 0
OK.MP.2 0 0 0 0 0 0 0 0 0 0 0 0 0 0 0 0 0 0 0 0 0 0 0 0 0 0 0 0 0 0 0 0 0 0 0 13 0 8 0 0 0 0 0 0 0 0 0 0 0 0 0 3 0 0 0 0 2 3493 0 0 0 0 0
OK.MP.3 0 0 0 0 0 0 0 0 0 4 0 0 0 0 0 0 0 0 0 0 12 0 0 0 0 13 0 0 0 0 0 0 14 0 0 0 0 15 0 0 0 0 0 0 0 0 0 0 0 0 0 0 0 0 0 0 0 3570 0 0 0 0 0
OK.MP.5 0 0 0 0 0 0 0 0 0 0 0 0 0 0 0 0 6 0 0 0 0 0 0 0 0 12 0 0 0 0 0 0 16 0 0 11 0 17 0 6 0 0 0 23 0 0 0 0 0 0 0 0 0 0 0 0 0 3806 0 0 0 0 0
OK.SD.3 0 0 0 0 0 0 0 0 0 0 29 0 137 0 0 0 0 0 0 0 0 0 0 0 0 0 3 0 18 0 0 0 38 0 0 12 0 24 0 9 0 0 0 0 0 0 0 0 0 0 0 4 0 0 0 0 0 4044 0 24 0 0 0
OR.DN.1 0 0 0 0 0 0 0 0 0 0 27 0 53 0 0 0 0 0 0 0 17 0 0 0 0 19 0 0 25 0 0 0 0 0 0 24 0 23 0 1 0 0 0 0 0 0 0 0 0 0 0 0 0 0 0 0 0 4612 0 0 0 0 0
OR.DN.2 0 0 0 0 0 0 0 0 0 0 54 0 92 0 3 0 0 0 0 0 20 0 0 0 0 27 0 0 0 0 0 0 0 0 0 9 0 26 0 0 0 0 0 0 0 0 0 0 0 0 0 0 0 0 0 0 0 4610 0 0 5 0 0
OR.DN.3 0 0 0 0 0 0 3 0 0 4 59 0 97 0 6 0 0 0 0 0 18 0 0 0 0 38 4 0 7 0 0 0 0 0 0 19 0 47 0 0 0 0 0 0 0 0 0 0 0 0 0 0 0 0 0 0 0 4529 0 0 0 0 0
OR.DN.5 0 0 0 0 0 10 0 0 0 0 219 0 385 0 2 0 0 0 0 0 13 0 0 0 0 0 0 0 1 0 0 0 0 8 0 21 0 13 0 0 15 0 0 0 0 0 6 0 0 0 0 0 0 0 0 0 1 3899 7 4 0 0 2
OR.FL.1 0 0 0 0 0 0 0 0 0 0 0 0 0 0 0 0 0 0 0 0 20 0 0 0 0 7 4 0 0 0 4 0 21 0 0 34 0 18 0 3 0 0 0 3 0 0 0 0 0 0 9 0 0 0 2 0 9 4582 0 0 0 3 0
OR.FL.4 0 0 0 0 0 0 0 0 0 0 9 0 52 0 9 0 0 0 0 0 26 0 0 0 0 0 3 0 0 0 14 0 65 0 0 23 0 22 0 0 0 0 0 0 0 0 0 0 0 0 16 0 0 0 0 0 5 4570 0 0 0 0 0
OR.MD.1 0 0 0 0 0 0 0 0 0 12 18 0 0 0 9 0 0 0 0 0 19 0 0 0 0 0 0 0 0 0 0 0 22 0 0 26 0 34 0 0 0 0 0 0 0 0 0 0 0 0 0 0 0 0 0 0 7 4658 0 0 0 0 0
OR.MD.2 0 0 0 0 0 0 0 0 0 0 30 0 0 0 18 0 0 0 0 0 9 0 0 0 0 0 0 0 0 6 0 0 8 0 0 50 0 13 0 0 0 0 3 0 0 0 0 0 0 0 0 4 0 0 0 0 19 4764 0 0 0 0 0
OR.MR.1 6 0 0 0 0 0 0 0 0 76 37 28 29 0 0 0 0 0 0 0 33 2 0 0 1 0 0 0 0 0 0 0 12 0 0 26 0 23 0 0 0 0 0 0 0 0 0 0 0 0 0 0 0 0 19 0 77 3465 0 7 0 0 0
OR.MR.3 0 0 0 0 0 0 0 0 0 5 28 0 18 0 0 0 0 0 0 0 16 0 0 0 0 7 11 0 0 0 4 0 73 0 0 17 0 43 0 0 0 0 0 0 0 0 8 0 0 0 9 7 0 0 0 0 14 4467 0 0 0 0 0
OR.MR.4 0 0 0 0 0 0 0 0 0 0 46 0 39 0 0 0 0 0 0 0 17 6 1 0 0 7 8 0 0 0 0 0 13 0 0 50 0 45 0 0 0 0 0 4 0 0 0 0 0 0 20 6 2 0 0 0 9 4598 0 0 0 0 0
OR.SF.1 0 0 0 0 0 15 0 0 5 0 368 0 147 0 0 0 0 0 0 0 15 0 0 0 0 0 0 0 0 0 0 0 0 0 0 41 0 12 0 0 0 0 12 0 0 0 0 0 0 0 0 0 0 0 0 0 0 4309 5 0 0 0 0
OR.SN.1 0 0 0 0 0 0 0 0 0 7 60 0 18 0 0 0 0 0 0 0 21 0 0 0 0 0 0 0 0 0 7 0 0 0 0 47 0 19 0 0 0 0 22 0 0 0 0 0 0 0 2 0 0 0 0 0 58 4661 9 0 0 0 0
OR.TS.2 0 0 0 0 0 0 0 0 0 0 11 0 2 0 0 0 0 0 0 0 19 0 0 0 0 0 0 0 0 0 0 0 7 0 0 36 0 11 0 0 0 0 22 0 0 0 0 0 0 0 20 5 0 0 0 0 16 4732 0 0 0 0 0
OR.TS.3 0 0 0 0 0 0 0 0 0 3 10 0 4 0 0 0 0 0 0 0 14 0 7 0 0 0 0 0 0 0 0 0 0 0 0 40 0 23 0 0 0 0 0 0 0 0 0 0 0 0 0 10 0 0 0 2 9 4769 0 0 0 0 2
OR.TS.4 5 0 0 0 0 1 0 0 0 0 43 0 10 0 3 0 0 0 0 0 12 0 0 0 0 8 0 0 0 0 35 0 0 0 0 40 0 0 0 0 0 0 72 0 0 0 0 0 0 0 0 0 0 0 0 0 4 4629 5 0 1 0 0
OR.UN.5 0 0 0 0 15 0 0 0 23 9 0 0 0 0 0 0 0 0 0 0 5 0 0 5 0 13 4 0 0 0 79 0 370 0 0 5 0 12 0 0 0 0 0 9 0 0 0 0 0 0 0 0 0 0 0 0 0 4141 0 0 0 0 0
PA.AN.1 0 0 0 0 0 0 0 0 0 0 156 0 87 0 0 0 0 0 0 0 2 0 0 0 0 0 0 0 0 0 0 0 0 0 0 0 0 0 0 0 0 0 0 0 0 0 0 0 0 0 0 0 0 0 0 0 0 4628 0 0 0 0 0
PA.AN.2 0 0 0 0 0 0 0 0 0 0 339 0 367 0 0 0 0 0 0 0 1 0 0 0 0 0 0 0 0 0 0 0 0 0 0 13 0 32 0 0 0 0 0 0 0 0 0 0 0 0 0 0 0 0 0 0 0 4162 5 0 0 0 0
PA.AN.3 0 0 0 0 0 0 0 0 0 7 16 0 221 0 0 0 0 0 0 0 5 0 0 0 0 0 0 0 0 0 0 0 0 0 0 0 0 0 0 0 0 0 0 0 0 0 0 0 0 0 0 0 0 0 0 0 0 4622 0 0 0 0 0
PA.AN.4 0 0 0 0 0 0 0 0 0 0 44 0 131 0 0 0 0 0 0 0 0 0 0 0 0 0 0 0 0 0 0 0 0 0 0 0 0 0 0 0 0 0 0 0 0 0 0 0 0 0 0 0 0 0 0 0 0 4617 0 0 0 0 0
PA.AN.5 0 0 0 0 0 16 0 0 0 0 420 0 308 0 0 0 0 0 0 0 12 0 0 0 0 0 0 0 0 0 0 0 0 0 0 7 0 0 0 0 0 0 0 0 0 0 0 0 0 0 0 0 0 0 0 0 0 4188 2 0 0 0 0
PA.BE.1 3 0 0 0 1 0 0 0 0 7 407 0 62 0 0 0 0 0 0 0 13 0 0 0 0 0 0 0 0 0 0 0 0 0 0 20 0 17 0 0 0 0 0 9 0 0 4 0 0 1 27 9 0 0 0 0 101 4119 0 0 0 0 0
PA.BE.2 0 0 0 0 0 0 0 0 0 1 927 0 332 0 0 0 0 0 0 0 8 0 0 0 0 0 0 0 0 0 0 0 0 0 0 7 0 3 0 0 0 0 0 0 0 0 0 0 0 0 0 0 0 0 0 0 0 3538 0 0 0 0 0
PA.BE.3 0 0 0 0 0 0 0 0 0 10 204 0 279 0 0 0 9 0 0 0 12 0 0 0 0 0 0 0 0 0 0 0 0 0 0 20 0 19 0 0 0 0 0 0 0 0 0 0 0 0 0 3 0 0 0 0 12 4358 0 0 0 0 0
PA.BE.4 10 0 5 0 0 0 0 0 0 0 0 0 0 0 0 0 0 2 0 2 10 0 0 0 0 0 23 0 0 6 0 0 0 0 0 10 0 14 0 0 0 0 0 15 0 0 0 0 0 0 25 14 0 0 0 0 34 4677 0 0 0 14 0
PA.BE.5 0 0 0 0 0 0 0 0 0 0 511 0 360 0 0 0 0 0 0 0 14 0 0 0 0 0 0 1 0 0 0 0 0 0 0 11 0 0 0 0 0 0 0 0 0 0 0 0 0 0 23 8 0 0 0 0 20 3913 7 0 0 0 0
PA.RC.1 0 0 0 0 0 0 4 0 0 7 26 0 78 0 0 0 0 0 0 0 0 0 0 2 0 2 0 0 0 0 0 0 44 0 0 37 0 16 0 0 0 0 0 0 0 0 0 0 0 0 0 5 0 0 0 0 9 4479 3 4 0 0 0
PA.RC.2 0 0 0 0 0 0 0 8 0 24 12 1 18 0 0 0 0 0 0 0 9 0 0 0 0 6 9 0 0 0 5 0 15 0 0 23 0 5 0 0 0 0 0 15 0 0 0 0 0 0 0 5 0 0 2 0 7 4340 6 6 0 0 0
PA.RC.3 0 0 0 0 0 0 0 3 0 7 38 0 71 0 0 0 0 0 0 0 17 0 0 0 0 0 8 0 0 0 7 0 0 0 0 69 0 26 0 0 0 0 0 0 0 0 0 0 0 0 12 10 0 0 0 0 0 4619 4 0 0 0 0
PA.RC.4 0 0 0 0 0 0 0 0 0 3 140 0 474 0 0 0 0 0 0 0 12 0 0 2 0 0 0 0 0 0 0 0 3 0 0 24 0 20 0 0 0 0 0 0 0 0 0 0 0 0 0 3 0 0 0 0 0 4230 5 0 0 0 0
PA.RC.5 23 0 4 0 0 11 0 0 0 8 20 0 51 0 0 0 0 2 0 0 10 0 0 0 0 12 25 4 0 0 12 0 0 0 0 40 0 9 0 0 0 0 0 16 0 0 0 0 0 0 0 17 0 0 0 0 37 4547 0 0 0 0 0
PA.SGL.1 8 0 0 0 0 0 0 0 0 2 12 0 24 0 3 0 0 4 1 0 6 0 0 0 0 7 30 1 1 0 0 0 2 0 0 28 0 14 0 0 0 0 0 17 2 4 2 0 0 0 0 13 0 0 0 0 28 4369 0 0 0 0 0
PA.SGL.3 0 0 0 0 13 0 0 0 0 10 5 0 31 0 0 0 0 0 0 0 0 0 0 0 0 0 0 0 0 0 0 0 8 0 0 18 0 34 0 0 0 0 0 0 0 0 0 0 0 0 0 0 0 0 0 0 12 4423 0 0 0 0 0
PA.SGL.4 0 0 0 0 0 0 0 0 0 8 135 0 91 0 0 0 0 0 0 0 0 0 0 0 0 0 0 0 0 0 0 0 0 0 0 32 0 28 0 0 0 0 0 0 0 0 0 0 0 0 0 9 0 0 0 0 65 4478 4 0 0 0 0
SC.AJ.1 53 0 0 0 0 0 0 0 0 0 85 0 95 0 0 0 0 0 0 0 16 0 0 0 0 0 0 0 9 0 0 0 0 0 0 16 0 3 0 0 0 0 0 0 0 0 0 0 0 0 0 11 0 0 0 0 0 4574 3 0 0 0 0
SC.AJ.2 8 0 0 0 0 0 0 7 0 0 14 0 32 0 0 0 1 0 0 0 19 0 0 12 0 0 0 0 0 0 5 0 7 0 0 16 0 36 0 0 0 0 0 24 0 0 0 0 0 0 14 10 0 0 0 0 4 4638 0 0 0 0 0
SC.AJ.3 20 0 0 0 0 0 0 0 4 0 31 0 137 0 0 0 0 0 0 0 8 0 0 0 0 0 0 0 2 0 0 0 32 0 0 21 0 9 0 0 0 0 0 0 0 0 0 0 0 0 0 2 0 0 0 0 0 4530 3 0 0 0 0
SC.AJ.4 17 0 0 0 0 0 0 0 3 0 71 0 116 0 0 0 0 0 0 0 5 0 0 3 0 0 7 0 11 0 0 0 2 0 0 60 0 25 0 0 0 0 0 5 0 0 0 0 0 0 0 9 0 0 0 0 3 4565 11 0 0 0 0
SC.AJ.5 0 0 0 0 0 0 0 0 0 0 5 0 31 0 8 0 1 0 1 0 7 0 0 0 0 0 4 0 0 0 3 0 0 0 0 19 0 17 0 0 0 0 0 3 0 0 0 0 0 0 8 10 0 0 0 0 17 4617 0 0 0 0 0
SD.AS.1 8 0 1 0 0 0 0 0 0 9 0 0 0 0 0 0 0 8 5 0 0 0 0 0 0 6 8 2 0 10 0 0 0 0 0 23 0 12 0 0 0 0 0 30 0 0 0 0 0 4 0 8 0 0 0 0 63 4050 0 0 0 0 0
SD.AS.2 6 0 0 0 0 0 0 0 0 6 0 0 29 0 0 0 0 11 0 0 0 0 0 0 0 4 48 0 0 9 0 0 24 0 0 7 0 10 0 0 0 0 0 10 0 0 0 0 0 0 10 0 0 0 0 0 10 4448 0 0 0 0 0
SD.AS.3 2 0 0 0 0 0 0 0 0 5 20 2 18 0 0 0 0 4 1 0 6 0 0 0 0 4 36 0 0 5 0 0 19 0 0 10 0 10 0 0 0 0 0 11 0 0 0 0 0 0 14 6 0 0 0 0 26 4415 0 0 0 0 0
SD.AS.4 13 0 0 0 0 0 0 0 0 0 0 0 20 0 0 0 0 0 0 0 0 0 0 0 0 0 6 0 0 0 0 0 128 0 0 6 0 11 0 0 0 0 0 0 0 0 0 0 0 2 0 0 0 0 0 0 0 3737 0 0 0 0 0
SD.AS.5 0 0 0 0 0 0 0 0 0 1 0 0 0 0 4 0 0 0 0 0 11 0 0 0 0 13 2 0 0 3 0 0 7 0 0 13 0 30 0 0 0 0 0 29 0 2 0 0 0 0 0 4 0 0 0 0 0 4579 0 0 0 0 0
SD.BH.1 0 0 0 0 0 0 0 0 0 0 0 0 0 0 0 0 0 0 0 0 0 0 0 0 0 12 4 6 0 4 0 0 36 0 0 5 0 27 2 0 0 0 0 18 0 0 0 0 0 0 5 8 0 0 0 0 11 4561 0 0 0 0 0
SD.BH.2 5 0 0 0 0 0 0 0 0 0 0 0 32 0 2 0 0 0 0 0 6 0 0 0 0 13 11 0 0 0 0 0 48 0 0 17 0 15 0 0 0 0 0 24 0 0 0 0 0 0 30 4 0 0 0 0 25 4441 0 0 0 0 0
SD.BH.3 5 0 0 0 0 0 0 0 0 0 0 0 0 0 0 0 0 3 0 0 0 0 0 0 0 10 7 2 0 3 0 0 32 0 0 21 0 31 0 0 0 0 0 23 0 0 0 0 0 11 21 7 0 0 0 0 8 4693 0 0 0 0 0
SD.BH.5 4 0 0 0 0 0 0 0 0 3 0 0 16 0 0 0 0 6 0 0 0 0 0 0 0 7 5 0 0 0 0 0 77 0 0 18 0 9 0 0 0 0 0 16 0 0 0 0 0 0 0 0 0 0 0 0 0 4066 0 0 0 0 0
SD.BN.1 0 0 0 0 2 0 0 0 0 5 0 2 0 0 0 0 0 0 0 0 0 0 0 0 0 33 0 0 0 0 0 0 12 0 0 15 8 3 7 10 0 0 0 4 0 0 0 0 0 0 5 2 0 0 0 0 0 3770 0 0 0 0 0
SD.BN.2 0 0 0 0 0 0 0 0 0 0 0 0 0 0 0 0 0 2 0 0 9 9 0 0 0 34 0 0 0 0 0 0 0 0 0 11 0 7 7 7 0 0 0 20 0 0 0 0 0 0 0 0 0 0 0 0 0 3730 0 0 0 0 0
SD.BN.4 0 0 0 0 4 0 0 0 0 0 0 0 0 5 0 0 0 0 0 0 0 1 0 0 0 57 2 0 0 0 0 0 13 0 0 7 0 17 11 8 0 0 0 3 0 0 0 0 0 0 3 0 0 0 0 0 0 3310 0 0 0 0 0
SD.BN.5 0 0 0 0 0 0 0 0 0 5 0 0 0 0 0 0 0 5 0 0 0 0 0 0 0 37 6 0 0 0 0 0 0 0 0 5 0 11 5 17 0 0 0 2 0 0 0 0 0 0 0 0 0 0 0 0 0 3285 0 0 0 0 0
SD.CS.1 0 0 0 0 0 0 0 0 0 0 0 0 9 0 0 0 0 0 0 0 33 0 0 0 0 18 15 0 0 0 0 0 0 0 0 23 0 31 0 0 0 0 0 8 0 0 0 0 0 0 0 0 6 0 0 0 5 4773 0 0 0 0 0
SD.CS.2 0 0 0 0 0 0 0 0 0 0 39 0 27 0 9 0 0 0 0 0 13 0 0 0 0 38 14 0 4 0 0 0 0 0 0 4 0 4 10 5 0 0 0 0 0 0 0 8 0 0 0 2 0 0 0 0 0 4609 0 0 0 0 0
SD.CS.3 6 0 0 0 0 0 0 0 4 0 8 0 75 0 0 0 0 0 0 0 8 0 0 0 0 0 5 3 0 14 0 0 62 0 0 24 0 25 0 0 0 0 0 5 0 0 0 0 0 5 39 4 0 0 0 0 25 4622 0 0 0 0 0
SD.CS.4 6 0 0 0 0 0 0 0 0 0 48 0 68 0 0 0 0 0 0 0 15 0 0 0 0 2 11 5 7 0 0 0 0 0 0 20 0 16 0 0 0 0 0 5 0 0 0 0 0 0 0 5 0 0 0 0 19 4681 0 0 0 0 0
SD.CS.5 0 0 0 0 0 0 0 0 0 0 39 0 60 0 0 0 0 0 0 0 0 0 0 0 0 0 12 0 0 0 0 0 0 0 0 35 0 18 0 0 0 0 0 0 0 0 0 0 0 0 0 0 0 0 0 0 12 4801 0 0 0 0 0
SD.DN.1 3 0 0 0 0 0 0 0 6 4 0 0 6 0 0 9 0 0 3 0 3 0 0 0 51 7 4 0 0 5 0 0 15 0 0 16 0 13 0 0 0 0 0 34 2 12 0 0 0 4 28 12 0 0 0 0 15 4143 0 0 0 0 0
SD.DN.2 0 0 0 0 0 0 0 0 0 15 0 0 0 0 0 0 0 0 0 0 0 0 0 0 0 0 11 0 0 0 0 0 43 0 0 9 0 25 0 0 0 0 0 33 0 0 0 0 0 0 0 0 0 0 0 0 0 4486 0 0 0 0 0
SD.DN.3 0 0 0 0 0 0 0 0 0 8 0 0 0 0 0 0 0 0 0 0 0 0 0 0 0 29 0 0 0 0 0 0 73 0 0 17 0 22 0 0 0 0 0 20 0 0 0 0 0 0 0 15 0 0 0 0 0 4101 0 0 0 17 0
SD.DN.4 0 0 0 0 0 0 0 0 0 6 0 0 30 0 0 0 0 0 0 0 0 0 0 0 0 22 8 0 0 0 0 0 32 0 0 7 0 16 0 0 0 0 0 36 0 0 0 0 0 3 0 0 0 0 0 0 4 3637 0 0 0 0 0
SD.DN.5 0 0 0 0 0 0 0 0 0 17 0 0 0 0 0 0 0 0 0 0 0 0 20 0 0 18 0 0 0 0 0 0 25 0 0 12 0 22 0 0 0 0 0 16 0 0 0 0 0 0 0 0 0 0 0 0 0 4266 0 0 0 0 0
SD.LH.1 3 0 0 0 0 0 0 1 0 8 0 0 14 0 0 0 0 0 0 0 0 0 0 0 0 10 12 0 0 0 0 0 13 0 0 11 0 10 0 0 0 0 0 25 0 0 0 0 0 0 5 0 0 0 0 0 0 3771 0 0 0 0 0
SD.LH.2 5 0 0 0 0 0 0 0 0 1 0 0 15 0 0 0 0 0 0 0 4 0 0 0 0 3 4 0 0 0 0 0 12 0 1 5 0 12 0 0 0 0 0 5 0 0 0 0 0 1 5 0 0 0 0 0 3 3505 0 0 0 0 0
SD.LH.3 0 0 0 0 0 0 0 0 1 5 0 0 3 0 0 0 0 0 1 0 0 0 0 0 0 5 8 0 0 2 0 0 46 0 0 8 0 21 0 0 0 0 0 13 0 0 0 0 0 0 12 0 0 0 0 0 0 3665 0 0 0 0 0
SD.LH.4 5 0 0 0 0 0 0 1 0 0 0 0 0 0 0 0 0 0 0 0 4 0 0 0 0 11 4 0 0 6 0 0 24 0 0 11 0 14 0 0 0 0 0 13 0 0 0 0 0 0 0 2 0 0 0 0 13 3706 0 0 0 0 0
SD.LH.5 10 0 0 0 0 0 0 0 0 9 0 2 0 0 0 0 0 0 0 0 0 0 0 0 0 0 0 0 0 0 0 0 57 0 0 4 0 17 0 0 0 0 0 7 0 0 0 0 0 0 0 0 0 0 0 0 0 3032 0 0 0 0 0
SD.OL.1 0 0 0 0 0 0 0 0 0 0 0 2 0 0 5 0 0 0 0 0 0 0 0 0 0 3 7 0 0 6 0 0 24 0 0 15 0 22 0 0 0 0 0 2 0 0 0 0 0 0 0 4 0 0 0 3 9 4350 0 0 0 0 0
SD.OL.2 9 0 0 0 0 0 0 0 0 2 0 0 9 0 0 0 0 0 3 0 0 0 0 0 0 11 11 3 4 3 0 0 24 0 0 11 0 16 0 0 0 0 0 16 0 0 0 0 0 4 0 0 0 0 0 0 4 3655 0 0 0 0 0
SD.OL.3 4 0 0 0 0 0 0 0 0 2 0 0 11 0 0 0 0 2 0 0 0 0 0 0 0 5 23 0 0 1 0 0 34 0 0 9 0 20 0 0 0 0 0 20 0 2 0 0 0 0 10 0 0 0 0 0 9 3883 0 0 0 0 0
SD.OL.4 0 0 0 0 0 0 0 0 0 4 0 0 16 0 0 0 0 2 2 0 0 0 0 0 0 2 19 0 0 0 0 0 29 0 0 8 0 13 0 0 0 0 0 8 0 0 0 0 0 2 0 0 0 0 0 0 0 3984 0 0 0 0 0
SD.OL.5 0 0 0 0 0 0 0 2 0 9 0 0 0 0 0 0 0 0 1 0 0 0 0 0 0 8 0 0 0 2 0 0 15 0 0 12 0 18 0 0 0 0 0 0 0 3 0 0 0 0 0 0 0 0 0 0 0 3762 0 0 0 0 0
SD.SS.1 0 0 0 0 0 0 0 0 0 0 0 0 14 0 0 0 0 0 0 0 0 0 0 0 0 9 6 0 0 3 0 0 20 0 0 20 0 14 0 0 0 0 0 19 0 0 0 0 0 0 6 4 0 0 0 0 3 4024 0 0 0 0 0
SD.SS.2 8 0 0 0 0 0 0 1 0 6 0 0 13 0 4 0 0 3 0 0 2 0 0 0 0 6 7 0 0 3 0 0 15 0 0 15 0 12 0 0 0 0 0 19 0 0 0 0 0 0 10 2 0 0 0 0 6 4170 0 0 0 0 0
SD.SS.3 0 0 0 0 0 0 0 0 0 7 0 0 16 0 0 0 0 0 0 0 0 0 0 0 0 5 8 0 0 1 0 0 36 0 0 9 0 5 0 0 0 0 0 10 0 0 0 0 0 0 0 5 0 0 0 0 0 3860 0 0 0 0 0
SD.SS.4 4 0 0 0 0 0 0 2 0 6 0 2 9 0 0 0 0 0 0 0 5 0 0 0 0 4 6 0 0 2 0 0 17 0 0 5 0 11 0 4 0 0 0 15 0 0 0 0 0 0 5 14 0 0 0 0 2 4007 0 0 0 0 0
SD.SS.5 0 0 0 0 0 0 0 0 0 4 0 0 8 0 0 0 0 1 0 0 5 0 0 0 0 6 8 0 0 3 0 0 53 0 0 20 0 9 0 0 0 0 0 40 0 0 0 0 0 0 10 7 0 0 0 0 5 4170 0 0 0 0 0
TN.CS.1 0 0 0 0 0 0 0 0 0 0 34 0 94 0 4 0 4 0 0 0 15 0 0 0 0 0 14 0 0 0 4 0 20 0 0 21 0 44 0 0 0 0 0 0 0 0 3 0 0 0 0 7 0 0 0 0 11 4528 8 0 0 0 1
TN.CS.2 8 0 0 0 0 0 0 0 0 0 224 0 147 0 0 0 0 0 0 0 0 0 0 0 0 6 8 0 0 0 0 0 47 0 0 27 0 7 0 0 0 0 0 0 0 0 0 0 0 0 0 8 0 0 0 0 0 4384 7 0 0 0 15
TN.CS.3 0 0 0 0 0 0 0 0 0 0 98 0 371 0 0 0 0 0 0 0 10 0 0 0 0 0 0 0 11 0 0 0 68 0 0 22 0 24 0 0 0 0 0 0 0 0 0 0 0 0 0 0 0 0 0 0 0 4214 0 0 0 0 0
TN.CS.4 0 0 0 0 0 0 0 0 0 0 87 0 548 0 0 0 0 0 0 0 0 0 0 0 0 4 0 0 0 0 0 0 10 0 0 0 0 21 0 0 0 0 0 0 0 0 0 0 0 0 0 0 0 0 0 0 0 4198 0 0 0 0 0
TN.CS.5 0 0 0 0 0 0 0 0 0 0 333 0 437 0 0 0 0 0 0 0 0 0 0 0 0 0 0 0 2 0 0 0 5 0 0 10 0 41 0 0 0 0 0 0 0 0 0 0 0 0 0 0 0 0 0 0 0 4011 2 0 0 0 0
TN.FC.1 0 0 0 0 0 0 0 0 0 0 451 0 402 0 0 0 0 0 0 0 6 0 0 0 0 0 0 0 0 0 0 0 0 0 0 4 0 50 0 0 0 0 0 0 0 0 0 0 0 0 0 0 0 0 0 0 0 4005 7 0 0 4 0
TN.FC.2 0 0 0 0 0 0 0 0 0 0 218 0 273 0 5 0 0 0 0 0 7 0 0 0 0 0 0 0 7 0 0 0 0 0 0 30 0 125 0 0 0 0 0 0 0 0 0 0 0 0 0 0 0 0 0 0 21 4233 11 0 0 0 0
TN.FC.3 0 0 0 0 0 0 0 0 0 0 365 0 245 0 0 0 0 0 0 0 0 0 0 0 0 0 0 0 0 0 0 0 0 0 0 14 0 63 0 0 0 0 0 0 0 0 0 0 0 0 0 0 0 0 0 0 12 4117 0 0 0 0 0
TN.FC.4 0 0 0 0 0 0 0 0 0 0 366 0 205 0 21 0 0 0 0 0 0 0 0 0 0 0 0 0 0 0 0 0 17 0 0 32 0 44 0 0 0 0 0 0 0 0 0 0 0 0 0 0 0 0 0 0 27 4139 8 0 0 0 0
TN.FC.5 0 0 0 0 0 0 0 0 0 0 526 0 243 0 0 0 0 0 0 0 0 0 0 0 0 0 0 0 0 0 0 0 10 4 0 7 0 85 0 0 0 0 0 0 0 0 0 0 0 0 0 0 0 0 0 0 0 3961 0 0 0 0 0
TN.WR.2 10 0 0 0 0 0 0 0 0 0 0 0 20 0 0 0 0 0 0 0 0 0 0 0 0 8 7 0 0 0 0 0 6 0 0 14 0 20 3 0 0 0 0 44 0 0 0 0 0 3 6 5 0 0 0 0 9 4373 0 0 0 0 0
TN.WR.3 8 0 0 0 0 0 0 0 0 0 0 2 22 0 0 4 0 0 0 0 0 0 0 0 0 11 6 0 0 0 7 0 0 0 0 11 0 8 6 0 0 1 0 44 8 0 0 0 0 0 0 16 0 0 0 0 0 4370 0 0 0 14 0
TN.WR.4 0 0 0 0 0 0 0 9 0 0 0 0 12 0 5 0 0 0 0 0 0 0 0 0 0 9 0 0 0 0 0 0 5 0 0 30 0 19 0 0 0 0 0 14 0 8 0 0 0 2 0 24 0 0 0 0 17 4572 0 0 0 6 0
TN.WR.5 6 0 0 0 0 0 0 0 0 4 0 0 22 0 0 4 0 10 0 0 0 0 0 0 0 20 8 0 2 0 0 0 0 0 0 13 0 20 0 14 0 0 0 48 0 6 0 0 0 0 0 0 0 0 0 0 3 4488 0 0 0 0 0
TX.AB.1 4 0 0 0 0 0 0 0 0 0 0 0 8 0 2 0 0 0 0 0 7 0 0 0 0 16 0 0 0 0 0 0 0 0 0 5 0 3 0 0 0 0 0 10 0 0 0 0 0 0 0 5 0 0 0 0 0 3595 0 0 0 0 0
TX.AB.2 14 0 0 0 0 0 0 0 0 0 0 0 29 0 0 0 7 0 0 0 0 0 0 0 0 0 2 0 0 0 0 0 0 0 0 31 0 10 0 0 0 0 0 22 0 0 0 0 0 0 0 9 0 0 0 0 0 4316 3 0 0 0 0
TX.AB.4 0 0 0 0 0 0 0 0 0 0 0 0 36 0 1 0 0 0 0 0 0 0 0 0 0 14 4 0 10 0 0 0 1 0 4 27 0 28 0 5 0 0 0 23 0 0 0 0 0 0 0 5 0 0 0 0 2 4538 0 0 0 0 0
TX.AB.5 13 0 0 0 0 0 0 0 0 0 0 0 41 0 0 0 0 0 0 0 0 0 0 0 0 0 0 0 11 0 0 0 0 0 0 27 0 16 0 0 0 0 0 0 0 0 0 0 0 0 0 0 0 0 0 0 0 4623 18 0 0 0 0
TX.BB.1 0 0 0 0 0 0 3 0 0 0 0 0 0 0 0 0 0 0 0 0 0 0 0 0 0 13 0 0 0 0 0 0 32 0 0 0 0 0 82 0 0 0 0 0 0 0 0 7 0 0 0 0 0 0 0 0 0 3452 0 0 0 0 0
TX.BB.2 12 0 0 0 0 0 0 0 0 0 0 0 0 0 0 0 0 4 0 0 0 0 0 0 0 29 0 0 0 0 0 0 0 0 0 0 0 0 85 5 0 0 0 0 0 0 0 0 0 0 0 0 0 0 0 0 0 3564 0 0 9 0 0
TX.BB.3 14 0 0 0 0 0 0 0 0 0 0 0 0 0 0 0 0 0 0 0 0 0 0 0 0 37 0 0 0 0 0 0 0 0 0 0 0 0 36 3 0 0 0 0 0 0 0 0 0 0 0 0 0 0 0 0 0 3515 0 0 4 0 0
TX.BN.1 0 0 0 0 0 0 0 0 0 0 0 0 0 0 0 0 0 0 0 0 0 0 0 0 0 0 0 0 0 0 0 0 0 0 0 0 0 0 0 0 0 0 0 0 0 0 0 0 0 0 0 0 0 0 0 0 0 103 0 0 0 0 0
TX.BN.4 0 0 0 0 0 0 0 0 0 0 0 0 0 0 0 0 0 0 0 0 0 0 0 0 0 0 0 0 0 0 0 0 0 0 0 0 0 0 0 0 0 0 0 0 0 0 0 0 0 0 0 0 0 0 0 0 0 157 0 0 0 0 0
TX.CB.1 7 0 0 0 0 0 0 0 0 0 10 0 24 0 9 0 0 0 0 0 0 0 0 10 0 17 0 0 12 0 0 0 118 0 0 11 0 12 6 0 0 0 0 0 0 0 0 4 0 0 0 0 0 0 0 0 0 3713 0 0 0 0 0
TX.CB.2 13 0 0 0 0 0 0 0 0 0 0 3 11 2 0 0 0 0 0 0 0 0 0 0 18 33 9 0 5 0 0 0 57 0 0 11 0 20 9 3 0 0 0 8 132 0 0 0 0 0 0 0 0 0 0 0 2 3618 0 0 0 0 0
TX.CB.4 23 0 0 0 0 0 0 0 0 0 0 0 17 0 0 0 0 0 0 0 0 0 0 6 0 24 7 0 1 0 0 0 26 0 0 14 0 8 12 0 0 0 0 33 0 0 0 0 0 0 0 5 0 0 0 0 0 3703 0 0 0 0 0
TX.CH.2 10 0 0 0 0 0 6 0 0 0 0 0 8 0 2 0 0 0 0 0 0 0 0 0 0 26 0 0 0 0 0 0 14 0 0 10 0 10 5 2 0 0 0 4 0 0 0 0 0 0 0 0 9 0 0 1 0 4097 0 0 3 0 0
TX.CH.3 6 0 0 0 0 0 8 0 0 0 0 0 16 0 0 0 0 0 0 0 0 0 0 0 0 41 0 0 0 0 0 0 24 0 0 20 0 28 9 11 0 0 0 15 0 0 0 7 0 0 0 7 0 0 0 0 0 3984 0 0 9 0 0
TX.CH.4 5 0 0 0 0 0 0 0 0 0 0 0 35 0 0 0 0 0 0 3 0 0 0 0 0 18 0 0 0 0 0 4 14 0 0 17 0 35 0 0 0 0 0 0 0 0 0 0 10 0 0 8 0 0 0 0 0 4295 0 0 0 0 0
TX.CH.5 0 0 0 0 0 0 0 0 0 0 0 0 11 0 0 0 0 0 0 0 0 0 0 0 0 72 0 0 0 0 0 4 68 0 0 27 0 20 0 0 0 0 0 20 0 0 0 0 0 0 2 1 0 0 0 0 0 3503 0 0 0 0 0
TX.CR.1 6 0 0 0 0 0 0 0 0 0 0 0 0 0 0 0 0 0 0 0 0 0 0 0 0 37 0 0 0 0 0 0 6 0 0 23 0 13 0 19 0 0 0 12 3 0 0 0 0 0 2 1 0 0 0 0 2 3659 0 0 0 0 0
TX.CR.3 12 0 0 0 0 0 1 0 0 0 0 0 10 0 0 0 0 0 0 0 0 0 0 0 0 23 0 0 0 0 0 0 5 0 0 15 0 5 5 0 0 0 0 20 0 0 0 0 0 0 0 0 0 0 0 0 9 3707 0 0 0 0 0
TX.CR.4 18 0 0 0 0 0 0 0 0 0 0 0 7 0 0 0 0 0 0 0 0 0 0 0 0 11 0 3 0 0 0 0 10 0 0 22 0 19 3 0 0 0 0 23 0 0 0 0 0 0 0 0 0 0 0 0 0 3825 0 0 0 7 0
TX.CR.5 6 0 0 0 0 0 0 0 2 0 0 0 0 0 0 0 0 2 1 0 0 0 0 0 0 0 0 1 0 0 0 0 7 0 0 24 0 23 0 0 0 0 0 17 0 0 0 0 0 3 0 0 8 0 0 0 0 4005 0 0 0 0 0
TX.DP.1 5 0 0 5 0 0 0 0 0 0 0 0 24 0 0 0 0 0 0 4 0 0 0 0 0 18 0 0 0 0 0 0 12 0 0 19 0 9 0 5 0 0 0 8 0 0 0 0 0 0 2 0 0 0 0 0 0 4204 0 0 0 0 0
TX.DP.2 0 0 0 0 0 0 0 0 0 0 0 0 23 0 11 0 0 0 0 0 0 0 0 0 0 11 0 0 0 0 0 0 34 0 0 2 0 9 13 15 0 0 0 15 2 0 0 0 0 0 0 5 0 0 0 0 5 4197 0 0 0 0 0
TX.DP.5 0 0 0 4 0 0 0 0 10 0 0 0 22 0 4 0 0 6 0 0 0 0 0 0 0 9 0 0 0 0 0 0 81 0 0 13 0 13 0 19 0 0 0 9 0 0 0 0 10 2 0 16 0 0 0 0 6 4161 0 0 0 0 0
TX.GCS.1 13 0 0 0 0 0 0 0 2 0 0 0 12 0 0 0 0 0 0 0 0 0 0 0 0 23 0 0 0 0 0 0 97 0 0 10 0 9 6 0 0 0 0 0 0 0 0 0 0 0 0 2 0 0 0 0 0 3155 0 0 0 0 0
TX.GCS.2 10 0 0 0 0 0 0 0 0 0 0 0 0 0 0 0 0 0 0 0 0 0 0 0 0 14 0 0 0 0 0 0 77 0 0 10 0 0 9 0 0 0 0 0 0 0 0 0 0 0 0 3 0 0 0 0 0 3594 0 0 0 0 0
TX.GCS.3 9 0 0 0 0 0 0 0 2 0 0 0 17 0 0 0 0 0 0 0 0 0 0 0 0 15 0 0 0 0 0 2 97 0 4 15 0 10 0 0 0 0 0 0 0 0 0 0 0 0 0 0 0 0 0 0 18 3521 0 0 0 0 0
TX.GCS.4 7 0 0 0 0 0 0 0 0 0 0 0 13 0 0 0 0 0 0 0 0 0 0 0 0 26 0 0 0 0 0 0 73 0 0 14 0 13 0 0 0 0 0 13 0 0 0 0 0 0 0 3 0 0 0 0 5 3270 0 0 0 0 0
TX.GCS.5 17 0 0 0 0 0 0 0 5 0 0 0 9 0 0 0 0 0 0 0 0 0 0 0 0 17 0 0 0 0 0 0 109 0 0 15 0 5 9 0 0 0 0 0 0 0 0 0 0 0 0 0 0 0 0 0 0 3403 0 0 0 0 0
TX.LL.2 0 0 0 0 0 0 0 0 0 0 0 0 24 0 14 6 0 4 0 0 0 0 0 0 0 12 5 4 0 3 0 3 6 0 0 16 0 24 4 0 0 0 0 16 10 1 0 0 0 4 33 27 0 0 0 0 50 4036 0 0 10 0 0
TX.LL.4 7 0 0 0 0 0 0 0 0 0 0 4 11 0 0 1 0 0 0 0 9 0 0 0 0 19 0 0 0 0 0 0 0 0 0 19 0 32 0 0 0 0 0 8 0 0 0 0 0 0 5 2 0 0 0 0 16 3989 0 0 0 0 0
TX.MC.1 19 0 0 0 0 0 0 0 0 0 0 0 20 0 2 0 0 0 0 0 0 0 0 0 0 35 0 0 0 0 0 0 42 0 0 24 0 15 8 4 0 0 0 30 0 0 0 0 0 0 0 10 0 0 0 0 1 4287 0 0 0 0 0
TX.MC.3 8 0 0 4 0 0 0 0 0 0 0 0 27 0 0 0 0 0 0 0 7 0 0 0 0 15 1 0 0 0 0 0 59 0 0 8 0 9 0 0 0 0 0 14 0 0 0 0 0 0 0 3 0 0 0 0 0 3598 0 0 1 0 0
TX.MC.4 6 0 0 0 0 0 0 0 0 0 0 4 0 0 0 0 0 0 0 0 0 0 0 0 0 10 0 0 0 0 0 0 312 0 0 19 0 12 0 0 0 0 0 0 0 0 0 0 0 0 0 0 0 0 0 0 0 3268 0 0 0 0 0
TX.MN.1 5 0 3 0 0 0 0 0 0 0 0 0 37 0 10 8 0 5 0 0 0 0 0 0 0 77 0 0 0 0 0 0 3 0 0 18 0 25 0 0 0 0 0 19 3 0 0 0 0 0 10 5 0 0 0 0 12 3877 0 0 8 0 0
TX.MN.2 15 0 0 0 0 0 0 0 0 0 0 0 0 0 0 0 0 0 0 0 0 0 0 0 0 31 0 0 0 0 0 0 0 0 0 6 0 0 10 0 0 0 0 0 0 0 0 0 0 0 0 0 0 0 0 0 0 4034 0 0 8 0 0
TX.MN.3 0 0 0 0 0 0 0 0 5 0 0 0 0 0 2 0 0 1 0 0 0 0 0 0 0 15 0 0 0 0 0 0 168 0 0 17 0 14 0 0 0 0 0 0 0 0 0 0 0 0 0 0 0 0 0 0 0 3763 0 0 0 0 0
TX.MN.4 17 0 0 0 0 0 4 0 18 0 0 0 0 7 0 0 0 0 0 0 0 0 0 0 0 6 0 0 0 0 0 0 109 0 0 19 0 24 10 0 0 0 0 8 0 0 0 0 2 0 0 0 0 0 0 0 0 4120 0 0 0 0 0
TX.MN.5 0 0 0 0 0 0 0 0 0 0 0 11 0 2 0 0 0 0 0 0 0 0 0 0 10 0 0 0 0 0 0 0 82 0 0 8 0 16 0 0 0 0 0 14 0 0 0 0 0 8 18 41 0 0 0 0 47 4022 0 0 0 0 0
TX.PDC.3 0 0 0 0 0 0 0 0 0 0 0 0 0 0 0 0 0 0 0 0 0 0 0 0 0 9 0 0 0 0 0 0 26 0 0 0 0 0 25 12 0 0 0 20 0 0 0 0 0 1 0 0 0 0 0 0 0 4039 0 0 0 0 0
TX.PDC.4 9 0 0 0 0 0 0 0 0 0 0 0 23 2 0 0 0 5 0 0 0 0 0 0 0 27 0 0 0 0 0 0 17 0 0 2 0 8 11 8 0 0 0 17 0 0 0 0 0 0 0 0 0 0 0 0 0 3921 0 0 0 0 0
TX.SH.1 20 0 0 0 0 0 0 0 0 0 87 2 25 0 0 0 0 0 0 0 9 0 0 8 0 0 7 0 10 5 0 7 0 0 0 29 0 13 0 0 0 0 0 8 0 0 0 0 0 0 0 5 0 0 0 0 11 4459 2 0 0 0 0
TX.SH.2 0 0 0 0 0 0 0 0 0 0 0 0 0 0 0 0 0 0 0 0 0 0 0 0 0 11 3 0 0 0 0 0 34 0 0 12 0 8 0 0 0 0 0 21 0 0 0 0 0 3 6 7 0 0 0 0 0 4180 0 0 0 0 0
TX.SH.3 1 0 0 0 0 0 0 0 0 0 0 0 12 0 0 0 0 3 0 0 0 0 0 0 0 7 0 0 0 0 0 0 0 0 0 20 0 15 0 0 0 0 0 19 0 0 0 0 0 3 5 0 0 0 0 0 3 4262 0 0 0 0 0
TX.SH.4 0 0 0 0 5 0 0 0 0 0 20 0 101 0 0 0 0 0 0 0 3 0 0 15 0 0 0 0 0 0 0 0 0 0 0 16 0 17 0 0 0 0 0 0 0 0 0 0 0 0 0 0 0 0 0 0 0 4513 0 5 0 0 4
TX.SH.5 29 0 0 0 0 12 6 0 25 2 138 0 30 0 3 0 0 0 0 0 5 0 0 0 0 0 0 0 0 0 0 0 0 0 0 17 0 15 0 0 0 0 0 1 0 0 0 0 9 0 0 0 0 0 0 0 122 4353 0 0 0 0 7
UT.BD.1 0 0 0 0 0 0 0 0 0 0 0 0 0 0 0 0 0 0 0 0 0 0 0 0 0 39 10 0 0 0 0 0 0 0 0 0 0 0 632 13 0 0 0 0 0 0 0 0 0 0 0 0 0 0 0 0 0 3511 0 0 0 0 0
UT.BD.4 0 0 0 0 0 0 35 0 0 0 0 0 0 0 0 0 0 5 0 0 0 0 0 0 0 37 0 0 0 0 0 0 0 0 0 0 0 0 839 0 0 0 0 17 0 0 0 0 0 0 0 0 0 0 0 0 0 3434 0 0 0 0 0
UT.BD.5 0 9 0 0 0 0 0 0 0 0 0 0 0 0 0 0 0 0 0 0 0 0 0 0 0 40 6 0 0 0 0 0 0 0 0 0 0 0 750 0 0 0 0 15 0 0 0 0 0 0 0 0 0 0 0 0 0 3419 0 0 0 0 0
UT.CG.2 0 0 0 0 0 0 0 0 0 0 39 0 43 0 0 0 0 0 0 0 5 0 0 0 0 6 2 0 0 0 2 0 0 0 0 41 0 5 0 0 0 0 0 0 0 0 0 0 0 0 0 0 0 0 0 0 0 4680 0 0 0 0 0
UT.CG.3 0 0 0 0 0 0 0 0 0 0 55 0 13 0 0 0 0 0 0 0 7 0 0 0 0 7 6 0 0 0 0 0 0 0 0 18 0 14 0 0 0 0 0 0 0 0 0 0 0 0 0 0 0 0 0 0 0 4701 0 0 2 0 0
UT.CG.4 0 0 0 0 0 0 0 0 0 34 39 0 37 0 0 0 0 0 0 0 13 4 0 0 0 0 0 0 0 0 0 0 0 0 0 19 12 3 0 0 0 0 0 0 0 0 0 0 0 0 0 0 0 0 0 0 0 4629 0 0 0 0 3
UT.DN.2 0 0 0 0 0 0 0 0 0 0 0 0 0 0 0 0 0 0 0 0 0 0 0 0 0 55 0 0 0 0 0 0 0 0 0 0 0 0 13 6 0 0 0 0 0 0 0 0 0 0 0 0 0 0 0 0 0 4344 0 0 0 0 0
UT.FN.1 0 0 0 0 0 0 0 0 0 0 0 0 0 0 0 0 0 3 3 0 0 17 3 0 0 10 0 6 0 0 0 0 0 0 0 14 0 24 7 0 0 0 0 56 0 0 0 0 0 11 7 9 0 2 0 0 6 4517 0 0 0 0 0
UT.FN.3 0 0 0 0 0 0 0 0 0 0 0 0 0 0 0 0 0 0 0 0 0 0 0 0 0 57 4 0 0 0 0 0 15 0 0 2 0 11 56 9 0 0 0 5 0 0 0 0 0 0 0 0 0 0 0 0 0 3682 0 0 0 0 0
UT.FN.4 0 0 0 0 0 0 0 0 0 19 0 0 0 0 0 0 0 0 5 0 0 0 0 0 0 15 11 0 0 0 0 0 46 0 0 11 0 30 0 0 0 0 0 42 0 0 0 0 0 0 10 2 0 0 0 0 46 4016 0 0 0 0 0
UT.SL.1 0 0 0 0 0 0 0 0 0 0 0 0 0 0 11 0 0 0 4 0 4 0 2 4 0 55 7 0 8 0 0 0 9 0 0 0 0 16 16 0 0 0 0 50 0 0 0 0 0 0 0 0 0 0 0 0 0 4261 0 0 0 0 0
UT.SLC.3 0 0 0 0 5 0 0 0 0 0 0 0 0 0 0 0 0 0 0 0 0 0 0 0 0 69 5 0 0 0 0 0 0 0 0 8 0 11 16 7 0 0 0 1 0 0 0 0 0 0 0 0 0 0 0 0 0 3941 0 0 0 0 0
UT.SLC.4 0 0 0 0 0 0 0 0 0 4 0 0 0 0 0 0 0 0 0 0 0 0 0 0 0 2 0 0 0 0 0 0 7 0 0 0 0 0 11 0 0 0 0 0 0 0 0 0 0 0 0 0 0 0 0 0 26 2525 0 0 0 0 0
UT.SLC.5 0 0 0 0 0 0 0 0 5 0 0 0 0 0 0 0 0 6 0 0 0 0 0 0 0 34 24 4 0 0 0 0 0 0 0 13 0 20 22 5 0 7 0 58 0 0 0 0 0 0 7 7 0 0 0 0 2 4239 0 0 0 9 0
WA.KB.1 0 0 0 0 0 0 0 0 0 0 0 0 2 0 6 0 0 0 0 0 7 0 0 0 0 0 0 0 8 0 8 0 11 0 0 12 0 9 0 0 0 0 0 0 0 0 0 0 0 0 4 0 0 0 0 0 0 4438 0 0 0 0 0
WA.KB.4 0 0 0 0 0 0 0 0 0 2 2 0 12 0 0 0 0 3 0 0 11 0 6 0 0 1 14 3 1 3 0 0 0 0 0 8 0 12 0 0 0 0 0 6 0 0 0 0 0 0 0 0 0 0 0 0 2 4429 0 0 0 0 0
WA.KB.5 0 0 0 0 0 0 0 0 0 0 24 0 29 0 3 0 0 0 0 0 0 0 0 0 0 0 8 0 13 0 0 0 15 0 0 23 0 19 0 0 0 0 0 16 0 0 0 0 0 2 0 2 0 0 0 0 9 4700 0 0 0 0 0
WA.MB.1 0 0 0 0 0 0 0 0 0 0 22 0 38 0 0 0 0 0 0 0 30 0 0 15 0 8 0 0 0 0 0 0 0 0 0 15 0 12 0 0 0 0 0 0 0 0 0 0 0 0 0 0 0 0 0 0 0 4219 0 0 0 0 11
WA.MB.5 0 0 0 0 0 0 0 0 0 0 29 0 16 0 0 0 0 0 0 0 23 0 0 0 0 36 0 0 0 0 0 0 0 0 0 25 0 6 0 0 0 0 0 0 0 0 2 0 0 0 10 0 0 0 0 0 48 4197 0 0 0 0 8
WA.SB.2 0 0 0 0 0 0 0 0 0 0 0 0 0 0 0 0 0 0 0 0 0 0 0 1 0 23 7 0 0 0 4 0 16 0 0 3 0 27 33 0 0 0 0 40 0 0 0 0 0 0 0 0 0 0 0 0 0 4069 0 0 0 0 0
WA.SB.4 0 0 0 0 0 0 0 0 0 0 0 0 0 0 0 0 0 0 0 0 8 0 0 0 0 28 10 0 0 0 3 0 61 0 0 7 0 13 4 6 0 0 0 6 0 0 0 0 0 0 0 0 0 0 0 0 0 4184 0 0 0 0 0
WA.SB.5 0 0 0 0 0 0 0 0 0 0 0 0 0 0 0 0 0 1 0 0 4 0 0 5 0 22 12 7 0 0 4 0 9 0 0 6 0 19 11 0 0 0 0 25 0 0 2 0 0 0 0 0 0 0 0 0 10 4281 0 0 0 0 0
WA.TM.2 0 0 0 0 0 0 0 0 0 3 10 0 40 0 0 0 0 0 0 0 11 0 0 0 0 0 6 0 0 2 0 0 0 0 0 19 0 20 0 0 0 0 12 0 0 0 0 0 0 3 9 10 0 0 0 0 21 4633 0 0 0 0 0
WY.BB.1 0 0 0 0 0 0 0 0 2 0 0 0 0 0 0 0 0 3 0 0 0 0 0 0 0 30 0 0 0 0 0 0 114 0 0 0 0 0 63 0 0 0 0 28 0 0 0 0 0 0 0 0 0 0 0 0 0 3651 0 0 0 0 0
WY.BH.1 11 0 0 0 0 0 0 0 0 2 0 2 0 0 0 0 0 0 0 0 3 0 0 1 0 21 7 0 2 0 0 0 15 0 0 6 0 0 0 0 0 0 0 5 0 0 0 0 0 0 196 16 0 0 0 0 44 3199 0 0 0 5 0
WY.BH.3 0 0 0 0 0 0 0 0 0 2 0 0 0 0 0 0 0 0 0 0 0 0 0 0 0 30 0 0 0 0 0 0 37 0 0 6 0 8 12 0 0 0 0 7 0 0 0 0 0 0 0 0 0 0 0 0 2 3163 0 0 0 0 0
WY.BH.4 13 0 0 0 0 0 0 0 3 0 0 0 12 0 0 0 0 0 0 0 0 0 0 0 0 35 0 0 0 0 0 0 16 0 0 11 0 10 17 0 0 0 0 6 0 0 0 0 0 0 3 1 0 0 0 0 0 3199 0 0 0 0 0
WY.BH.5 0 0 0 0 0 0 0 0 0 0 0 0 15 0 0 0 0 0 0 0 0 0 0 6 0 26 9 0 0 2 0 0 100 0 0 3 0 12 4 0 0 0 0 31 0 1 0 0 0 0 3 6 0 0 0 0 2 3469 0 0 0 0 0
WY.BN.2 0 0 0 0 0 0 0 0 0 0 0 0 0 0 0 0 0 0 0 0 5 6 2 0 0 17 3 8 0 0 0 0 0 0 0 3 0 9 3 0 0 0 0 68 0 0 0 0 0 0 0 3 0 0 0 0 10 4429 0 0 0 0 0
WY.BN.5 0 0 0 0 0 0 0 0 9 14 0 0 0 0 0 0 0 5 0 0 0 0 0 0 0 63 23 3 0 0 0 0 9 0 0 19 0 16 0 0 0 0 0 23 0 0 0 0 0 12 10 3 0 0 0 0 2 4310 0 0 0 0 0
WY.TB.1 5 0 0 0 0 0 0 0 0 0 0 0 0 0 0 0 0 0 0 0 0 0 0 0 0 22 0 0 0 0 0 0 13 0 0 5 0 5 13 0 0 0 0 0 0 0 0 0 0 0 0 0 0 0 0 0 0 2894 0 0 0 0 0
WY.TB.2 0 0 0 0 0 0 0 0 0 0 0 0 0 0 0 0 0 0 0 0 0 0 0 0 0 41 0 0 0 0 0 0 14 0 0 2 0 2 17 5 0 0 0 11 0 0 0 0 0 0 0 0 0 0 0 0 0 3411 0 0 0 0 0
WY.TB.3 0 0 0 0 0 0 0 0 0 0 0 0 5 0 0 0 0 0 0 0 0 0 0 0 0 103 16 0 30 0 0 0 29 0 0 3 0 45 5 4 0 0 0 14 0 0 0 0 0 5 0 0 0 0 0 0 0 3469 0 0 0 0 0
WY.TB.5 7 0 0 7 0 0 0 0 0 7 0 0 4 0 8 0 0 2 0 0 0 0 0 0 0 29 10 15 0 0 0 0 18 0 0 12 0 31 7 8 0 0 0 34 15 2 2 0 0 0 29 6 0 0 0 0 25 3722 0 0 0 0 0
WY.YN.5 0 0 0 0 0 0 0 0 0 0 47 0 223 0 0 0 0 0 0 0 0 0 0 0 0 0 0 0 0 0 0 0 0 5 0 36 0 0 0 0 6 0 3 0 0 0 0 0 0 0 0 0 0 0 0 0 0 4469 0 4 0 0 0
